1 0.54765625 0.57890625 0.1109375 0.1609375
1 0.0265625 0.4765625 0.021875 0.034375
1 0.12578125 0.503125 0.009375 0.034375
1 0.2359375 0.48671875 0.0171875 0.03125
1 0.26796875 0.4734375 0.021875 0.03125
1 0.3734375 0.484375 0.0171875 0.0390625
2 0.34296875 0.45625 0.025 0.0390625
1 0.428125 0.45390625 0.0203125 0.0390625
1 0.4890625 0.45546875 0.0234375 0.0421875
1 0.64921875 0.45390625 0.0171875 0.0390625
1 0.69140625 0.4359375 0.0125 0.0296875
1 0.73359375 0.459375 0.0140625 0.03125
1 0.85859375 0.3078125 0.01875 0.0234375
1 0.93359375 0.42421875 0.0125 0.0265625
2 0.88125 0.425 0.01875 0.034375
1 0.88046875 0.36875 0.01875 0.028125