2 0.96875 0.05390625 0.059375 0.0765625
1 0.95703125 0.3625 0.0578125 0.0953125
1 0.765625 0.27265625 0.0625 0.08125
1 0.73359375 0.07265625 0.065625 0.0921875
2 0.940625 0.4859375 0.053125 0.0890625
1 0.96484375 0.89453125 0.0453125 0.1328125
1 0.89453125 0.79609375 0.075 0.11875
0 0.85 0.72421875 0.0578125 0.1125
1 0.75234375 0.4953125 0.0578125 0.0953125
1 0.52109375 0.1359375 0.065625 0.078125
1 0.52421875 0.2671875 0.0703125 0.0953125
1 0.5015625 0.4203125 0.065625 0.0953125
1 0.6203125 0.9265625 0.0734375 0.1125
1 0.4703125 0.74609375 0.0765625 0.0953125
1 0.4140625 0.81875 0.078125 0.1125
1 0.340625 0.478125 0.0578125 0.0890625
1 0.32734375 0.25546875 0.065625 0.0921875
1 0.23359375 0.24765625 0.0640625 0.1015625
1 0.16015625 0.0671875 0.0484375 0.075
1 0.0703125 0.3234375 0.0703125 0.0859375
1 0.03125 0.6203125 0.0625 0.090625