1 0.8828125 0.18203125 0.1046875 0.159375
1 0.81796875 0.3484375 0.1640625 0.215625
1 0.58046875 0.35078125 0.0828125 0.1078125
1 0.528125 0.20625 0.0765625 0.0890625
1 0.5171875 0.2859375 0.071875 0.115625
1 0.4390625 0.26875 0.134375 0.175
1 0.29609375 0.28515625 0.0796875 0.1078125
2 0.30859375 0.14453125 0.0546875 0.075
2 0.22734375 0.2328125 0.05625 0.078125
1 0.1640625 0.31328125 0.084375 0.125
1 0.11015625 0.4890625 0.128125 0.165625
1 0.08671875 0.28828125 0.0640625 0.0859375
1 0.09765625 0.165625 0.0609375 0.0796875