1 0.12578125 0.23828125 0.071875 0.0984375
0 0.2671875 0.31875 0.0578125 0.078125
1 0.38203125 0.24609375 0.065625 0.09375
1 0.33984375 0.65859375 0.13125 0.2078125
1 0.41328125 0.459375 0.1046875 0.1421875
1 0.57109375 0.2625 0.0390625 0.0640625
1 0.62421875 0.4515625 0.1125 0.165625
0 0.7171875 0.234375 0.0453125 0.075
1 0.7234375 0.3359375 0.05625 0.08125
1 0.77578125 0.490625 0.071875 0.1015625
1 0.8234375 0.32734375 0.0625 0.0859375
1 0.8828125 0.58515625 0.1421875 0.18125
1 0.96875 0.2796875 0.046875 0.065625
1 0.91328125 0.275 0.05 0.071875
1 0.0265625 0.534375 0.053125 0.125