1 0.93203125 0.35 0.059375 0.10625
1 0.84453125 0.403125 0.053125 0.0921875
1 0.6625 0.3625 0.0640625 0.115625
1 0.6109375 0.33359375 0.0484375 0.0828125
1 0.54296875 0.5640625 0.0609375 0.1015625
1 0.49140625 0.309375 0.0359375 0.08125
1 0.45546875 0.3171875 0.053125 0.096875
1 0.40234375 0.34609375 0.0484375 0.0828125
1 0.36171875 0.37890625 0.05 0.0921875
1 0.29765625 0.3953125 0.0671875 0.1109375
1 0.25390625 0.27734375 0.0421875 0.078125
2 0.2125 0.27421875 0.04375 0.06875
1 0.1390625 0.24765625 0.05 0.0921875
1 0.08125 0.26484375 0.0578125 0.1015625
1 0.72109375 0.296875 0.0421875 0.078125
1 0.540625 0.325 0.040625 0.06875
1 0.65234375 0.290625 0.04375 0.06875
1 0.18125 0.26875 0.0296875 0.0546875