1 0.01875 0.54921875 0.025 0.0453125
1 0.09765625 0.83359375 0.0234375 0.0375
1 0.0734375 0.52265625 0.028125 0.046875
1 0.13828125 0.52734375 0.028125 0.0546875
2 0.12734375 0.65546875 0.028125 0.0515625
2 0.18046875 0.73359375 0.0234375 0.0453125
1 0.125 0.39921875 0.028125 0.046875
1 0.17578125 0.4046875 0.015625 0.0453125
2 0.13046875 0.29375 0.025 0.040625
1 0.06796875 0.1828125 0.0203125 0.040625
1 0.2859375 0.70234375 0.034375 0.059375
1 0.3671875 0.90546875 0.0375 0.059375
1 0.3109375 0.63515625 0.028125 0.0546875
2 0.296875 0.49609375 0.0234375 0.040625
1 0.26953125 0.42890625 0.0234375 0.0453125
1 0.371875 0.49765625 0.0234375 0.0453125
1 0.40625 0.7046875 0.0328125 0.0546875
1 0.45078125 0.8171875 0.03125 0.0640625
1 0.41875 0.80625 0.034375 0.0640625
1 0.51015625 0.915625 0.0203125 0.0453125
1 0.50234375 0.65546875 0.03125 0.059375
1 0.48046875 0.60625 0.0359375 0.0375
1 0.4484375 0.45625 0.0296875 0.046875
1 0.35 0.38359375 0.0296875 0.046875
1 0.21484375 0.2796875 0.025 0.0328125
2 0.2015625 0.240625 0.0234375 0.040625
2 0.26171875 0.2875 0.028125 0.046875
2 0.2953125 0.25859375 0.0234375 0.0375
1 0.365625 0.28203125 0.025 0.040625
1 0.33984375 0.2171875 0.028125 0.0421875
1 0.24765625 0.09609375 0.0203125 0.0375
1 0.28125 0.06328125 0.0171875 0.0375
1 0.31640625 0.17578125 0.0203125 0.0375
1 0.39140625 0.16484375 0.021875 0.0328125
1 0.23359375 0.22265625 0.0203125 0.0375
1 0.42890625 0.38046875 0.028125 0.0421875
1 0.4609375 0.3203125 0.0265625 0.05
1 0.496875 0.3640625 0.025 0.0453125
1 0.515625 0.48125 0.0234375 0.040625
1 0.65703125 0.86796875 0.0375 0.059375
1 0.70703125 0.953125 0.0390625 0.059375
1 0.62734375 0.5625 0.028125 0.0421875
1 0.62265625 0.39609375 0.028125 0.0375
1 0.55234375 0.378125 0.025 0.0453125
1 0.56875 0.34140625 0.0234375 0.0375
1 0.5703125 0.27421875 0.0203125 0.0375
1 0.509375 0.203125 0.0234375 0.0375
1 0.29609375 0.02890625 0.0171875 0.0328125
2 0.3875 0.05390625 0.0140625 0.0328125
1 0.4171875 0.0359375 0.0234375 0.0375
1 0.4890625 0.07578125 0.0203125 0.0375
1 0.5296875 0.02578125 0.0171875 0.0328125
1 0.62578125 0.128125 0.0203125 0.0375
2 0.64609375 0.1 0.01875 0.028125
1 0.646875 0.27109375 0.021875 0.0328125
1 0.6921875 0.37890625 0.0234375 0.040625
1 0.73671875 0.596875 0.0328125 0.0546875
1 0.721875 0.42890625 0.025 0.0453125
1 0.74921875 0.47578125 0.028125 0.046875
1 0.7578125 0.4 0.025 0.0453125
1 0.7640625 0.56875 0.025 0.0453125
1 0.67734375 0.06015625 0.0171875 0.0328125
1 0.63515625 0.0109375 0.0203125 0.021875
1 0.7 0.009375 0.015625 0.01875
1 0.7359375 0.01640625 0.015625 0.0328125
2 0.73984375 0.06015625 0.0171875 0.0328125
2 0.71796875 0.14140625 0.0171875 0.0328125
1 0.7890625 0.1859375 0.0234375 0.040625
1 0.8359375 0.0890625 0.01875 0.0328125
1 0.88046875 0.08125 0.01875 0.0328125
1 0.871875 0.15546875 0.0234375 0.0375
1 0.87109375 0.23359375 0.025 0.040625
1 0.840625 0.2671875 0.0203125 0.040625
1 0.89609375 0.28046875 0.0234375 0.040625
1 0.9328125 0.21796875 0.0140625 0.028125
1 0.91328125 0.34921875 0.028125 0.046875
1 0.95078125 0.42421875 0.028125 0.0421875
1 0.95234375 0.275 0.0234375 0.0453125
1 0.82734375 0.0515625 0.0171875 0.028125
1 0.9921875 0.6421875 0.0125 0.05625
1 0.9875 0.55078125 0.021875 0.0515625
1 0.9390625 0.48046875 0.025 0.0375