1 0.94765625 0.021875 0.0546875 0.04375
1 0.6765625 0.06015625 0.053125 0.0765625
1 0.74375 0.1703125 0.053125 0.084375
2 0.57734375 0.0640625 0.0453125 0.06875
1 0.6546875 0.18671875 0.065625 0.109375
1 0.9375 0.69609375 0.1203125 0.3078125
2 0.41015625 0.20703125 0.034375 0.06875
2 0.4484375 0.26171875 0.0578125 0.084375
1 0.50625 0.41796875 0.071875 0.1171875
1 0.3125 0.1375 0.0546875 0.1
1 0.17265625 0.19609375 0.0453125 0.084375
1 0.22109375 0.4765625 0.071875 0.103125
1 0.06640625 0.3515625 0.0578125 0.08125