1 0.98046875 0.5578125 0.0265625 0.046875
1 0.896875 0.840625 0.0234375 0.0375
1 0.9265625 0.53046875 0.028125 0.046875
1 0.8609375 0.53359375 0.0296875 0.0546875
2 0.8703125 0.66171875 0.0296875 0.0515625
2 0.815625 0.7390625 0.0234375 0.046875
1 0.8765625 0.40625 0.028125 0.046875
1 0.82578125 0.41015625 0.015625 0.0453125
2 0.87265625 0.30078125 0.0265625 0.0421875
1 0.9375 0.18984375 0.0203125 0.040625
1 0.71015625 0.70546875 0.034375 0.0609375
1 0.62578125 0.9078125 0.0375 0.0609375
1 0.6859375 0.63828125 0.0296875 0.0546875
2 0.703125 0.5 0.0234375 0.0421875
1 0.73203125 0.43359375 0.0234375 0.046875
1 0.628125 0.5 0.0234375 0.046875
1 0.58984375 0.70625 0.034375 0.05625
1 0.54375 0.81796875 0.0328125 0.0640625
1 0.57578125 0.8078125 0.034375 0.065625
1 0.4828125 0.915625 0.0203125 0.0453125
1 0.4953125 0.65546875 0.0328125 0.059375
1 0.5171875 0.60625 0.0359375 0.0390625
1 0.55234375 0.4578125 0.03125 0.046875
1 0.6515625 0.3859375 0.03125 0.046875
1 0.78828125 0.284375 0.025 0.0328125
2 0.803125 0.24609375 0.0234375 0.0421875
2 0.74140625 0.29140625 0.028125 0.046875
2 0.709375 0.26171875 0.0234375 0.0375
1 0.63828125 0.284375 0.0265625 0.0421875
1 0.66484375 0.2203125 0.028125 0.0421875
1 0.759375 0.10078125 0.0203125 0.0375
1 0.72578125 0.0671875 0.0171875 0.0375
1 0.68984375 0.1796875 0.0203125 0.0375
1 0.61484375 0.16640625 0.0234375 0.0328125
1 0.77109375 0.22734375 0.0203125 0.0375
1 0.5734375 0.38203125 0.028125 0.0421875
1 0.5421875 0.32109375 0.0265625 0.0515625
1 0.50546875 0.3640625 0.0265625 0.046875
1 0.484375 0.48046875 0.0234375 0.0421875
1 0.3359375 0.865625 0.0375 0.0609375
1 0.28515625 0.94921875 0.040625 0.0609375
1 0.371875 0.56015625 0.028125 0.0421875
1 0.37890625 0.39375 0.028125 0.0375
1 0.44921875 0.37734375 0.0265625 0.046875
1 0.43359375 0.340625 0.0234375 0.0375
1 0.43359375 0.27265625 0.0203125 0.0375
1 0.49609375 0.203125 0.0234375 0.0375
1 0.71171875 0.03203125 0.0171875 0.0328125
2 0.6203125 0.05546875 0.015625 0.0328125
1 0.590625 0.0375 0.0234375 0.0375
1 0.51796875 0.07578125 0.0203125 0.0375
1 0.47890625 0.025 0.0171875 0.0328125
1 0.38046875 0.12578125 0.0203125 0.0375
2 0.3609375 0.09765625 0.01875 0.028125
1 0.35703125 0.26875 0.0234375 0.0328125
1 0.31015625 0.37578125 0.0234375 0.0421875
1 0.2609375 0.59296875 0.034375 0.05625
1 0.27890625 0.425 0.0265625 0.046875
1 0.2515625 0.47109375 0.028125 0.046875
1 0.24375 0.3953125 0.0265625 0.046875
1 0.23515625 0.5640625 0.0265625 0.046875
1 0.33046875 0.05703125 0.0171875 0.0328125
1 0.375 0.01015625 0.021875 0.0203125
1 0.31015625 0.00703125 0.0171875 0.0140625
1 0.27265625 0.01484375 0.0171875 0.0296875
2 0.2671875 0.05625 0.0171875 0.0328125
2 0.28828125 0.13828125 0.0171875 0.0328125
1 0.21640625 0.18125 0.0234375 0.0421875
1 0.17109375 0.0828125 0.0203125 0.0328125
1 0.12734375 0.07421875 0.0203125 0.0328125
1 0.13359375 0.1484375 0.0234375 0.0375
1 0.13359375 0.22734375 0.0265625 0.0421875
1 0.16328125 0.2609375 0.0203125 0.040625
1 0.1078125 0.2734375 0.0234375 0.0421875
1 0.071875 0.2109375 0.0140625 0.028125
1 0.08984375 0.34140625 0.028125 0.046875
1 0.05078125 0.415625 0.028125 0.0421875
1 0.0515625 0.2671875 0.0234375 0.046875
1 0.18046875 0.04609375 0.0171875 0.028125
1 0.00625 0.6328125 0.0125 0.05625
1 0.01171875 0.5421875 0.0234375 0.053125
1 0.06171875 0.47265625 0.025 0.0375