1 0.9859375 0.87890625 0.025 0.0984375
1 0.92421875 0.79296875 0.0875 0.140625
0 0.86875 0.7140625 0.0703125 0.1265625
2 0.90078125 0.41953125 0.0625 0.0984375
1 0.73515625 0.46484375 0.065625 0.1171875
1 0.7 0.1875 0.0703125 0.1
1 0.88828125 0.26640625 0.059375 0.1109375
1 0.94375 0.2140625 0.0453125 0.0921875
1 0.4953125 0.90546875 0.0890625 0.1375
1 0.52578125 0.8046875 0.078125 0.10625
1 0.48984375 0.4125 0.075 0.1140625
1 0.4796875 0.21875 0.075 0.1
1 0.453125 0.06640625 0.0671875 0.0828125
1 0.30234375 0.24375 0.0703125 0.1171875
1 0.359375 0.50390625 0.06875 0.1078125
1 0.215625 0.2546875 0.075 0.121875
1 0.13125 0.1859375 0.0703125 0.0953125
1 0.084375 0.37265625 0.08125 0.109375
1 0.09609375 0.7375 0.078125 0.109375