1 0.02421875 0.34609375 0.0484375 0.0765625
1 0.15 0.3015625 0.0484375 0.0671875
1 0.2296875 0.29453125 0.0453125 0.0703125
1 0.36796875 0.2578125 0.05 0.0703125
1 0.4109375 0.240625 0.0375 0.0578125
1 0.44453125 0.23125 0.0390625 0.0640625
1 0.46875 0.16953125 0.0390625 0.0421875
1 0.4765625 0.28046875 0.046875 0.065625
1 0.55234375 0.340625 0.0703125 0.096875
2 0.625 0.18515625 0.05625 0.078125
1 0.66953125 0.34375 0.0765625 0.115625
1 0.75546875 0.1390625 0.046875 0.065625
1 0.7734375 0.29921875 0.0625 0.0765625
1 0.9046875 0.3875 0.1 0.1484375
2 0.84765625 0.36484375 0.046875 0.08125