1 0.10078125 0.27734375 0.059375 0.10625
1 0.17734375 0.34453125 0.053125 0.0921875
1 0.3640625 0.33671875 0.0640625 0.115625
1 0.41953125 0.31640625 0.0484375 0.0828125
1 0.446875 0.55546875 0.0609375 0.1015625
1 0.54140625 0.3140625 0.0359375 0.08125
1 0.57578125 0.328125 0.053125 0.096875
1 0.6234375 0.365625 0.0484375 0.0828125
1 0.65703125 0.4046875 0.05 0.0921875
1 0.71796875 0.43203125 0.0671875 0.1109375
1 0.78125 0.32421875 0.0421875 0.078125
2 0.82265625 0.32734375 0.04375 0.06875
1 0.89921875 0.3140625 0.05 0.0921875
1 0.953125 0.34140625 0.0578125 0.1015625
1 0.31796875 0.26171875 0.0421875 0.078125
1 0.490625 0.3203125 0.040625 0.06875
1 0.3859375 0.2671875 0.04375 0.06875
1 0.85390625 0.328125 0.0296875 0.0546875