1 0.53515625 0.58515625 0.1125 0.1625
1 0.03671875 0.403125 0.0234375 0.0359375
1 0.1296875 0.44453125 0.0109375 0.034375
1 0.24140625 0.4453125 0.0171875 0.03125
1 0.275 0.4375 0.0234375 0.03125
1 0.37734375 0.46484375 0.01875 0.0390625
2 0.3515625 0.43203125 0.0265625 0.0390625
1 0.4359375 0.44375 0.0203125 0.0390625
1 0.49609375 0.45390625 0.0234375 0.04375
1 0.6546875 0.47734375 0.01875 0.0390625
1 0.69921875 0.46640625 0.0125 0.0296875
1 0.7375 0.49609375 0.015625 0.03125
1 0.884375 0.36640625 0.01875 0.0234375
1 0.93984375 0.49296875 0.0125 0.028125
2 0.8890625 0.48515625 0.0203125 0.034375
1 0.896875 0.4296875 0.01875 0.028125