2 0.13125 0.4703125 0.0734375 0.1109375
2 0.125 0.33046875 0.065625 0.0890625
1 0.196875 0.3046875 0.05625 0.075
2 0.26015625 0.3609375 0.0546875 0.0828125
1 0.28515625 0.28125 0.053125 0.0875
2 0.2078125 0.21875 0.0609375 0.1015625
1 0.1390625 0.65390625 0.0625 0.15
2 0.20859375 0.7046875 0.0875 0.1515625
2 0.28828125 0.809375 0.0875 0.1609375
1 0.4015625 0.87734375 0.1140625 0.19375
1 0.371875 0.521875 0.075 0.1328125
1 0.35546875 0.35703125 0.0703125 0.09375
2 0.33828125 0.1875 0.04375 0.06875
1 0.43359375 0.190625 0.05 0.1015625
1 0.41953125 0.24765625 0.0375 0.0859375
1 0.48125 0.184375 0.05 0.0875
2 0.53828125 0.128125 0.046875 0.0828125
2 0.59296875 0.19609375 0.071875 0.115625
1 0.4578125 0.45 0.0640625 0.1109375
1 0.465625 0.625 0.0734375 0.10625
1 0.5609375 0.50078125 0.0734375 0.1328125
2 0.50703125 0.796875 0.0515625 0.109375
2 0.4609375 0.8390625 0.05625 0.1578125
1 0.64921875 0.8890625 0.103125 0.171875
1 0.646875 0.5453125 0.08125 0.1296875
1 0.72578125 0.7640625 0.065625 0.1546875
1 0.66875 0.38984375 0.0578125 0.096875
1 0.75703125 0.5015625 0.0671875 0.115625
2 0.64375 0.10546875 0.0578125 0.0921875
2 0.6515625 0.225 0.0453125 0.065625
2 0.69375 0.13046875 0.0515625 0.078125
1 0.78203125 0.08828125 0.0421875 0.0828125
2 0.7375 0.23046875 0.0515625 0.0828125
1 0.83671875 0.475 0.0765625 0.0859375
2 0.909375 0.70390625 0.090625 0.13125