1 0.11484375 0.2140625 0.0609375 0.0984375
1 0.19140625 0.2796875 0.05625 0.09375
1 0.37421875 0.27734375 0.0703125 0.1078125
1 0.43125 0.26875 0.053125 0.0921875
1 0.44921875 0.50234375 0.0671875 0.1125
1 0.50546875 0.26875 0.0375 0.065625
1 0.55546875 0.26328125 0.0375 0.0875
1 0.5859375 0.28046875 0.053125 0.096875
1 0.63359375 0.3203125 0.046875 0.084375
1 0.66640625 0.3625 0.053125 0.096875
1 0.72734375 0.39140625 0.0671875 0.1171875
1 0.79296875 0.284375 0.04375 0.078125
2 0.83359375 0.29375 0.0484375 0.0625
1 0.91015625 0.2765625 0.0546875 0.0890625
1 0.96484375 0.30546875 0.0609375 0.0984375
1 0.40078125 0.2140625 0.0453125 0.0703125
1 0.33359375 0.203125 0.0453125 0.065625