1 0.1265625 0.2 0.0703125 0.103125
1 0.8828125 0.171875 0.05625 0.071875
1 0.33046875 0.20859375 0.0546875 0.078125
1 0.27421875 0.31484375 0.0375 0.0546875
0 0.0484375 0.33671875 0.0546875 0.0828125
0 0.49609375 0.19609375 0.0625 0.1046875
0 0.8625 0.24609375 0.065625 0.0984375
2 0.9484375 0.159375 0.05 0.075
2 0.7859375 0.26796875 0.0625 0.090625
2 0.7421875 0.21015625 0.0421875 0.0625
2 0.61484375 0.2328125 0.05 0.0640625
2 0.37421875 0.22578125 0.046875 0.0671875
2 0.246875 0.175 0.053125 0.0703125