2 0.059375 0.4734375 0.0953125 0.140625
2 0.09296875 0.1125 0.06875 0.0984375
1 0.15234375 0.08203125 0.05625 0.0953125
1 0.31640625 0.0421875 0.0609375 0.084375
2 0.234375 0.109375 0.071875 0.109375
2 0.26640625 0.27734375 0.046875 0.075
2 0.215625 0.47109375 0.0875 0.128125
2 0.15390625 0.63203125 0.109375 0.1109375
1 0.20390625 0.86875 0.1328125 0.2234375
2 0.35546875 0.6546875 0.1421875 0.1640625
2 0.32578125 0.3734375 0.09375 0.125
2 0.35 0.1328125 0.0734375 0.0765625
2 0.44375 0.14921875 0.065625 0.090625
1 0.50546875 0.1125 0.075 0.0984375
1 0.48984375 0.3484375 0.0921875 0.128125
2 0.57265625 0.26171875 0.0640625 0.1015625
2 0.6359375 0.1125 0.0796875 0.1171875
2 0.740625 0.1109375 0.06875 0.0796875
2 0.74765625 0.26953125 0.0640625 0.090625
1 0.68125 0.428125 0.103125 0.15625
2 0.63046875 0.665625 0.09375 0.1296875
1 0.746875 0.7984375 0.103125 0.14375
1 0.82734375 0.5015625 0.0921875 0.1390625
2 0.87109375 0.15078125 0.0625 0.0953125
2 0.97734375 0.096875 0.0421875 0.08125
1 0.9265625 0.321875 0.075 0.0984375