1 0.453125 0.428125 0.046875 0.05625
1 0.21953125 0.5265625 0.04375 0.0484375
2 0.128125 0.5484375 0.046875 0.053125
2 0.27734375 0.4796875 0.04375 0.0484375
2 0.3328125 0.43515625 0.040625 0.0453125
2 0.5171875 0.4109375 0.040625 0.0546875
2 0.61875 0.38671875 0.046875 0.053125
2 0.54140625 0.38515625 0.0390625 0.04375
0 0.7828125 0.35546875 0.05 0.05625
0 0.70078125 0.36875 0.040625 0.0546875
0 0.75703125 0.5171875 0.0390625 0.0515625
0 0.375 0.446875 0.046875 0.05625
1 0.91484375 0.371875 0.025 0.0328125
2 0.15625 0.5109375 0.0265625 0.0296875