1 0.2375 0.12109375 0.0296875 0.065625
1 0.2109375 0.16640625 0.04375 0.0703125
1 0.17265625 0.6546875 0.0890625 0.1453125
1 0.3375 0.53203125 0.071875 0.13125
1 0.40390625 0.31640625 0.0625 0.1171875
1 0.36796875 0.03984375 0.0234375 0.0375
1 0.425 0.05390625 0.0203125 0.046875
1 0.525 0.07578125 0.0328125 0.0515625
1 0.5234375 0.246875 0.059375 0.1125
1 0.56328125 0.41875 0.0703125 0.1265625
1 0.63359375 0.234375 0.065625 0.1125
2 0.72109375 0.1078125 0.034375 0.0609375
1 0.78515625 0.13515625 0.040625 0.078125
1 0.75390625 0.028125 0.0328125 0.05625
1 0.8171875 0.0234375 0.040625 0.046875
1 0.8671875 0.03671875 0.0359375 0.046875