0 0.88671875 0.471875 0.1609375 0.2671875
1 0.5578125 0.63125 0.1390625 0.2609375
1 0.4421875 0.74609375 0.0890625 0.196875
1 0.31328125 0.771875 0.1453125 0.240625
1 0.16796875 0.68671875 0.10625 0.20625
1 0.35859375 0.35 0.075 0.146875
1 0.29609375 0.30234375 0.075 0.125
1 0.5109375 0.2609375 0.0546875 0.109375
1 0.46875 0.1953125 0.0578125 0.1015625
1 0.53984375 0.33515625 0.0734375 0.103125
1 0.43984375 0.0703125 0.0453125 0.0703125
1 0.35859375 0.03671875 0.0421875 0.0609375
1 0.5046875 0.06015625 0.0421875 0.0640625