1 0.06484375 0.359375 0.0703125 0.096875
0 0.22421875 0.3953125 0.0578125 0.0765625
1 0.31328125 0.2921875 0.0640625 0.0921875
1 0.39296875 0.69921875 0.128125 0.20625
1 0.4046875 0.48671875 0.103125 0.1421875
1 0.4984375 0.25234375 0.0375 0.0640625
1 0.6046875 0.4171875 0.1109375 0.165625
0 0.6296875 0.1828125 0.0453125 0.075
1 0.665625 0.278125 0.0546875 0.08125
1 0.7609375 0.41015625 0.0703125 0.1015625
1 0.75859375 0.240625 0.0609375 0.084375
1 0.890625 0.46953125 0.1390625 0.1796875
1 0.884375 0.15234375 0.0453125 0.0640625
1 0.82890625 0.1640625 0.0484375 0.071875
1 0.046875 0.6734375 0.0703125 0.1234375