1 0.109375 0.47578125 0.084375 0.19375
1 0.27890625 0.30859375 0.0953125 0.140625
1 0.09609375 0.209375 0.05 0.0859375
1 0.340625 0.08515625 0.0453125 0.0859375
1 0.4671875 0.32578125 0.05625 0.1
1 0.53203125 0.26171875 0.040625 0.0890625
1 0.63046875 0.27890625 0.0390625 0.0984375
1 0.57421875 0.4578125 0.0640625 0.1171875
1 0.5984375 0.67421875 0.0640625 0.1296875
1 0.76640625 0.440625 0.0703125 0.103125
1 0.6140625 0.05703125 0.0296875 0.071875
1 0.8359375 0.13984375 0.0390625 0.0453125
1 0.9640625 0.22265625 0.06875 0.1421875
1 0.48125 0.10546875 0.021875 0.0625