2 0.00703125 0.265625 0.0140625 0.065625
2 0.0359375 0.23203125 0.0546875 0.075
2 0.096875 0.2171875 0.0375 0.05625
2 0.1078125 0.2734375 0.0296875 0.075
2 0.0515625 0.43671875 0.0390625 0.0625
1 0.09453125 0.5546875 0.0671875 0.103125
0 0.16015625 0.65859375 0.0703125 0.109375
2 0.33203125 0.96015625 0.0953125 0.0765625
2 0.23671875 0.0703125 0.034375 0.053125
2 0.2609375 0.18515625 0.046875 0.0734375
2 0.315625 0.22109375 0.040625 0.0765625
2 0.35078125 0.23046875 0.0375 0.0765625
2 0.24921875 0.40234375 0.0484375 0.0703125
1 0.3359375 0.55234375 0.05625 0.09375
1 0.41796875 0.53828125 0.0515625 0.090625
2 0.465625 0.20703125 0.0390625 0.059375
2 0.50078125 0.20546875 0.0328125 0.0625
1 0.559375 0.25078125 0.0390625 0.1
2 0.6328125 0.1125 0.0546875 0.09375
2 0.71796875 0.13359375 0.0421875 0.0671875
1 0.8453125 0.11640625 0.0609375 0.0953125
1 0.8484375 0.27265625 0.0609375 0.1171875
2 0.2390625 0.075 0.0390625 0.04375