1 0.89609375 0.5 0.1375 0.1875
1 0.84140625 0.76484375 0.1515625 0.215625
1 0.678125 0.44296875 0.0796875 0.1140625
1 0.75546875 0.43515625 0.059375 0.0734375
1 0.66953125 0.315625 0.059375 0.08125
1 0.5625 0.36484375 0.059375 0.1
1 0.59453125 0.32578125 0.0375 0.053125
1 0.521875 0.49453125 0.0875 0.1296875
1 0.36328125 0.41015625 0.084375 0.128125
1 0.20625 0.390625 0.0640625 0.1
1 0.2578125 0.6375 0.1125 0.1515625
1 0.20546875 0.9109375 0.1796875 0.175
1 0.0953125 0.4390625 0.05 0.0765625
1 0.046875 0.52421875 0.0578125 0.0734375
1 0.08125 0.78046875 0.1125 0.2265625
1 0.30390625 0.4484375 0.053125 0.0765625
1 0.02890625 0.425 0.04375 0.05