1 0.88515625 0.21796875 0.053125 0.090625
1 0.81015625 0.27421875 0.0578125 0.0796875
1 0.6671875 0.21015625 0.034375 0.059375
1 0.61953125 0.27734375 0.059375 0.103125
1 0.59609375 0.2203125 0.0375 0.0640625
1 0.5671875 0.265625 0.0484375 0.08125
1 0.54375 0.46796875 0.059375 0.0875
1 0.53671875 0.246875 0.021875 0.0578125
1 0.4953125 0.2703125 0.034375 0.0640625
1 0.446875 0.271875 0.0375 0.071875
1 0.4140625 0.28203125 0.0515625 0.0859375
1 0.365625 0.3171875 0.0453125 0.0703125
1 0.33203125 0.3484375 0.046875 0.08125
1 0.27265625 0.37734375 0.0625 0.0875
1 0.24765625 0.24296875 0.0296875 0.05625
1 0.2046875 0.28984375 0.04375 0.0734375
2 0.16796875 0.29453125 0.0421875 0.0640625
1 0.134375 0.28984375 0.025 0.046875
1 0.09140625 0.28515625 0.046875 0.0703125
1 0.0375 0.31015625 0.05625 0.0828125