1 0.11171875 0.5921875 0.075 0.0890625
1 0.24296875 0.546875 0.0625 0.096875
1 0.36484375 0.81484375 0.078125 0.1046875
1 0.309375 0.52734375 0.0515625 0.0734375
1 0.3609375 0.40859375 0.0453125 0.06875
0 0.27421875 0.353125 0.0375 0.0578125
1 0.1640625 0.4203125 0.0390625 0.06875
1 0.15625 0.34140625 0.025 0.046875
1 0.21875 0.303125 0.025 0.0390625
1 0.471875 0.4703125 0.06875 0.09375
1 0.53515625 0.39296875 0.04375 0.0734375
1 0.76796875 0.4765625 0.0890625 0.1125
1 0.92890625 0.55234375 0.0421875 0.0875
1 0.63046875 0.3625 0.0265625 0.06875
1 0.5703125 0.26171875 0.0375 0.0625
1 0.4765625 0.2265625 0.03125 0.046875
1 0.32421875 0.246875 0.025 0.05
1 0.1015625 0.315625 0.0234375 0.0609375
1 0.084375 0.259375 0.021875 0.046875
1 0.1640625 0.22890625 0.0328125 0.053125
1 0.240625 0.19765625 0.021875 0.034375