1 0.18515625 0.68828125 0.11875 0.165625
2 0.16640625 0.48203125 0.090625 0.125
2 0.546875 0.5625 0.090625 0.125
1 0.45546875 0.690625 0.11875 0.1578125
1 0.03984375 0.4890625 0.0703125 0.0921875
1 0.79609375 0.66484375 0.1015625 0.1625
1 0.92109375 0.55703125 0.065625 0.0953125
1 0.7234375 0.61015625 0.0578125 0.10625
1 0.64375 0.54765625 0.0609375 0.084375
1 0.609375 0.50234375 0.0703125 0.1140625
1 0.484375 0.4828125 0.071875 0.1
1 0.43515625 0.47734375 0.0484375 0.075
1 0.4015625 0.378125 0.0359375 0.059375
1 0.29296875 0.32890625 0.0484375 0.0578125
2 0.70234375 0.515625 0.0484375 0.0796875
1 0.8875 0.45703125 0.0421875 0.059375
1 0.640625 0.40234375 0.053125 0.071875
2 0.5484375 0.34140625 0.0390625 0.05625
1 0.5078125 0.3140625 0.01875 0.0390625
1 0.3828125 0.29375 0.021875 0.0359375
1 0.59609375 0.34453125 0.0265625 0.040625
1 0.7703125 0.328125 0.0234375 0.03125
1 0.33203125 0.346875 0.040625 0.053125
1 0.43203125 0.41640625 0.0359375 0.059375
1 0.11171875 0.26328125 0.028125 0.04375
1 0.06875 0.2484375 0.028125 0.0484375
1 0.23984375 0.31328125 0.021875 0.0359375
1 0.08984375 0.2484375 0.025 0.0390625