1 0.11171875 0.55078125 0.10625 0.2
1 0.246875 0.35390625 0.1109375 0.15
1 0.04765625 0.29140625 0.0609375 0.090625
1 0.26484375 0.12265625 0.0546875 0.090625
1 0.434375 0.3359375 0.0671875 0.1046875
1 0.4859375 0.26015625 0.0515625 0.09375
1 0.5859375 0.2578125 0.05 0.1015625
1 0.56484375 0.44453125 0.078125 0.1234375
1 0.6296875 0.6515625 0.0796875 0.1359375
1 0.75 0.390625 0.0828125 0.1109375
1 0.52734375 0.04296875 0.0375 0.075
1 0.7609375 0.08203125 0.04375 0.05
1 0.90625 0.1375 0.090625 0.146875
1 0.40625 0.11640625 0.0296875 0.0640625