1 0.93828125 0.1125 0.05 0.084375
1 0.884375 0.16484375 0.065625 0.1078125
2 0.884375 0.31640625 0.0625 0.0984375
1 0.9703125 0.80390625 0.05625 0.1515625
1 0.696875 0.08203125 0.06875 0.090625
1 0.71328125 0.359375 0.0703125 0.1203125
0 0.84765625 0.61328125 0.071875 0.1390625
1 0.89921875 0.69921875 0.0859375 0.14375
1 0.665625 0.89609375 0.08125 0.140625
1 0.47265625 0.10546875 0.078125 0.109375
1 0.48046875 0.29609375 0.0734375 0.1171875
1 0.50390625 0.69375 0.0671875 0.103125
1 0.46328125 0.79453125 0.0875 0.1359375
1 0.29921875 0.12109375 0.0703125 0.103125
1 0.34765625 0.39140625 0.065625 0.115625
1 0.2125 0.13046875 0.0828125 0.13125
1 0.1296875 0.06796875 0.0578125 0.0671875
1 0.0765625 0.240625 0.078125 0.109375
1 0.0796875 0.6109375 0.0859375 0.11875