1 0.09296875 0.753125 0.15625 0.315625
2 0.36953125 0.075 0.046875 0.0703125
1 0.26796875 0.08203125 0.06875 0.0765625
1 0.0140625 0.07890625 0.028125 0.0484375
1 0.21796875 0.20390625 0.0625 0.0859375
1 0.3078125 0.20390625 0.0828125 0.109375
2 0.55078125 0.1984375 0.0484375 0.0734375
2 0.5203125 0.25703125 0.0703125 0.090625
1 0.64140625 0.12265625 0.06875 0.1015625
1 0.78515625 0.15625 0.0546875 0.0859375
1 0.771875 0.44453125 0.0953125 0.115625
1 0.91015625 0.3015625 0.071875 0.090625
1 0.48515625 0.4171875 0.084375 0.1203125