1 0.88125 0.62578125 0.0984375 0.1875
1 0.9546875 0.3140625 0.0796875 0.1515625
1 0.9015625 0.15859375 0.0734375 0.15625
1 0.771875 0.54140625 0.0828125 0.175
1 0.84296875 0.44296875 0.06875 0.140625
1 0.65625 0.61171875 0.08125 0.2046875
1 0.68125 0.94453125 0.109375 0.1078125
1 0.53125 0.9 0.13125 0.196875
1 0.59375 0.36875 0.0875 0.18125
1 0.684375 0.2609375 0.078125 0.1515625
1 0.46796875 0.375 0.075 0.1515625
1 0.3921875 0.7734375 0.0984375 0.1671875
1 0.36328125 0.57109375 0.08125 0.1859375
1 0.4140625 0.31484375 0.08125 0.1703125
1 0.37734375 0.11171875 0.06875 0.140625
2 0.50703125 0.090625 0.0578125 0.1015625
1 0.24375 0.38984375 0.0734375 0.15
1 0.175 0.646875 0.1109375 0.2125
1 0.12734375 0.6125 0.0734375 0.1609375
1 0.04296875 0.41015625 0.0859375 0.1953125
1 0.10703125 0.15859375 0.078125 0.15625
1 0.10625 0.03046875 0.0625 0.0609375
1 0.16796875 0.32578125 0.08125 0.146875
1 0.0125 0.8375 0.025 0.21875