1 0.9640625 0.14375 0.0453125 0.08125
1 0.90703125 0.19296875 0.0578125 0.1046875
2 0.89609375 0.34375 0.05625 0.0953125
1 0.9609375 0.8375 0.075 0.146875
1 0.72578125 0.096875 0.0625 0.0859375
1 0.72265625 0.37421875 0.0625 0.1171875
0 0.83828125 0.6375 0.0625 0.1359375
1 0.884375 0.7265625 0.078125 0.140625
1 0.6375 0.90625 0.071875 0.1359375
1 0.5 0.1046875 0.0703125 0.1046875
1 0.49453125 0.2953125 0.065625 0.1125
1 0.490625 0.69375 0.0609375 0.1
1 0.44296875 0.79140625 0.0796875 0.13125
1 0.32578125 0.1078125 0.0640625 0.1
1 0.35625 0.38046875 0.0578125 0.1125
1 0.23828125 0.1109375 0.075 0.1265625
1 0.16015625 0.04296875 0.0546875 0.0640625
1 0.09609375 0.21171875 0.0703125 0.1046875
1 0.07265625 0.58125 0.078125 0.1140625