1 0.915625 0.47578125 0.046875 0.1296875
1 0.71796875 0.44140625 0.0421875 0.103125
1 0.6671875 0.50078125 0.0625 0.0984375
1 0.60625 0.36796875 0.04375 0.09375
2 0.55703125 0.3875 0.05625 0.1078125
1 0.49375 0.5 0.0796875 0.15625
2 0.503125 0.3 0.046875 0.084375
2 0.42421875 0.28046875 0.0515625 0.103125
2 0.3015625 0.33671875 0.05 0.09375
1 0.3296875 0.4546875 0.05 0.0984375
1 0.25859375 0.43359375 0.0515625 0.121875
1 0.1125 0.3484375 0.046875 0.0890625
0 0.2109375 0.47734375 0.06875 0.121875
2 0.04609375 0.38125 0.0640625 0.103125
2 0.81953125 0.36328125 0.03125 0.0578125
2 0.18828125 0.33203125 0.03125 0.0625
1 0.07421875 0.3125 0.028125 0.053125