1 0.125 0.18125 0.04375 0.065625
1 0.21328125 0.20078125 0.05 0.0765625
2 0.271875 0.15703125 0.0328125 0.0453125
2 0.309375 0.12109375 0.0484375 0.0625
2 0.40234375 0.1734375 0.0546875 0.0703125
1 0.54296875 0.2375 0.065625 0.1015625
0 0.58359375 0.1875 0.03125 0.059375
2 0.6453125 0.19453125 0.0515625 0.0734375
0 0.70859375 0.19375 0.0546875 0.0734375
1 0.87265625 0.19921875 0.0734375 0.1078125
1 0.80390625 0.1671875 0.034375 0.0484375
1 0.7625 0.23046875 0.03125 0.0453125
2 0.115625 0.1 0.0375 0.05625