1 0.196875 0.42890625 0.084375 0.15
2 0.384375 0.6046875 0.1546875 0.2984375
1 0.09921875 0.3171875 0.065625 0.121875
0 0.18203125 0.1578125 0.05 0.103125
2 0.2296875 0.31328125 0.059375 0.090625
1 0.29453125 0.2453125 0.05625 0.0828125
1 0.36171875 0.22890625 0.0640625 0.0875
1 0.43671875 0.27890625 0.0546875 0.0828125
1 0.47890625 0.35234375 0.0640625 0.109375
1 0.553125 0.3671875 0.071875 0.0875
2 0.4796875 0.16640625 0.0390625 0.0734375
1 0.4 0.08984375 0.025 0.040625
1 0.48671875 0.078125 0.0265625 0.0453125
1 0.67578125 0.46328125 0.1 0.159375
1 0.1453125 0.1828125 0.0421875 0.0859375
1 0.28203125 0.1671875 0.0484375 0.06875
1 0.5984375 0.06015625 0.0171875 0.03125
1 0.775 0.90859375 0.078125 0.1796875
1 0.83671875 0.55546875 0.096875 0.1765625
1 0.834375 0.30234375 0.071875 0.1046875
1 0.8203125 0.4390625 0.0421875 0.0953125
1 0.79140625 0.2203125 0.046875 0.103125
1 0.88515625 0.18984375 0.0359375 0.06875