1 0.871875 0.021875 0.03125 0.04375
1 0.7953125 0.0171875 0.03125 0.034375
1 0.6375 0.0640625 0.03125 0.059375
1 0.51328125 0.02421875 0.0328125 0.0484375
1 0.89375 0.1515625 0.0390625 0.05625
1 0.8109375 0.128125 0.0375 0.0484375
1 0.67734375 0.13671875 0.0359375 0.05625
1 0.66328125 0.20625 0.034375 0.0484375
1 0.7328125 0.27734375 0.0375 0.0484375
1 0.89296875 0.2421875 0.04375 0.05625
1 0.94453125 0.30625 0.0421875 0.059375
1 0.88125 0.3640625 0.040625 0.05
1 0.89296875 0.434375 0.0375 0.0640625
1 0.83515625 0.4734375 0.0390625 0.059375
1 0.83671875 0.55703125 0.053125 0.06875
1 0.90859375 0.75 0.0515625 0.065625
1 0.89921875 0.87734375 0.053125 0.0765625
1 0.79140625 0.83828125 0.0515625 0.0609375
1 0.671875 0.48046875 0.0453125 0.05625
1 0.63359375 0.340625 0.0359375 0.0515625
1 0.66015625 0.80078125 0.053125 0.0765625
1 0.565625 0.55390625 0.0453125 0.071875
1 0.44921875 0.10234375 0.03125 0.0359375
1 0.43359375 0.1625 0.034375 0.0484375
1 0.3640625 0.1265625 0.0328125 0.0484375
1 0.4015625 0.2125 0.034375 0.0484375
1 0.3046875 0.2125 0.0375 0.0484375
1 0.3375 0.26875 0.0421875 0.0640625
1 0.39140625 0.41484375 0.0421875 0.059375
1 0.44921875 0.4984375 0.0421875 0.0671875
1 0.32109375 0.81640625 0.05 0.075
1 0.21640625 0.41015625 0.0421875 0.0671875
1 0.209375 0.5828125 0.0453125 0.0640625
1 0.159375 0.08359375 0.034375 0.040625
1 0.13046875 0.06875 0.028125 0.0484375
2 0.025 0.11640625 0.03125 0.0515625
1 0.11640625 0.1609375 0.0375 0.040625
1 0.02890625 0.40703125 0.0421875 0.0453125
1 0.1046875 0.540625 0.0421875 0.059375
1 0.1046875 0.73515625 0.040625 0.0640625
1 0.0796875 0.790625 0.05625 0.0578125