1 0.0890625 0.7265625 0.178125 0.328125
1 0.25546875 0.6 0.1125 0.1953125
2 0.30703125 0.365625 0.0703125 0.109375
1 0.409375 0.50625 0.0921875 0.15
2 0.4828125 0.35078125 0.040625 0.121875
1 0.55 0.42265625 0.11875 0.2171875
1 0.64609375 0.42578125 0.09375 0.1859375
2 0.69140625 0.14453125 0.05 0.0859375
1 0.87890625 0.2296875 0.0515625 0.078125
1 0.93359375 0.2015625 0.059375 0.1046875
1 0.7484375 0.32421875 0.0515625 0.0875
1 0.78515625 0.43046875 0.0796875 0.1453125
1 0.9609375 0.46015625 0.075 0.140625
1 0.73046875 0.91484375 0.1453125 0.1671875
1 0.4625 0.096875 0.0359375 0.059375
2 0.6140625 0.13828125 0.0328125 0.071875
2 0.8 0.0609375 0.0359375 0.05