1 0.19140625 0.69921875 0.1125 0.1625
2 0.165625 0.49375 0.0875 0.1234375
2 0.5484375 0.5609375 0.0875 0.1234375
1 0.46171875 0.6921875 0.1140625 0.1546875
1 0.03984375 0.50546875 0.0671875 0.090625
1 0.8015625 0.65390625 0.0953125 0.1609375
1 0.92265625 0.5421875 0.0625 0.09375
1 0.72734375 0.60234375 0.0546875 0.1046875
1 0.6453125 0.5421875 0.059375 0.0828125
1 0.609375 0.4984375 0.0671875 0.1125
1 0.484375 0.48359375 0.06875 0.0984375
1 0.434375 0.4796875 0.0453125 0.075
1 0.39765625 0.38203125 0.034375 0.059375
1 0.28671875 0.3359375 0.046875 0.05625
2 0.70234375 0.50859375 0.046875 0.078125
1 0.8859375 0.44375 0.040625 0.059375
1 0.63671875 0.39765625 0.0515625 0.0703125
2 0.54296875 0.33984375 0.0375 0.0546875
1 0.5015625 0.3140625 0.01875 0.0390625
1 0.37578125 0.29765625 0.0203125 0.034375
1 0.590625 0.340625 0.0265625 0.0390625
1 0.76484375 0.31875 0.0234375 0.03125
1 0.32734375 0.353125 0.0390625 0.0515625
1 0.4296875 0.41875 0.034375 0.059375
1 0.10390625 0.27734375 0.0265625 0.04375
1 0.06015625 0.2640625 0.0265625 0.046875
1 0.23359375 0.321875 0.0203125 0.034375
1 0.08125 0.2625 0.0234375 0.0390625