1 0.1125 0.58203125 0.121875 0.178125
1 0.22109375 0.8296875 0.1328125 0.2046875
1 0.31328125 0.48125 0.0703125 0.1078125
1 0.23671875 0.48984375 0.053125 0.0703125
1 0.29609375 0.3546875 0.0515625 0.078125
1 0.4109375 0.38125 0.05 0.0953125
1 0.371875 0.34921875 0.0328125 0.05
1 0.47734375 0.5 0.0765625 0.1234375
1 0.61484375 0.38359375 0.0734375 0.1234375
1 0.7640625 0.33203125 0.0546875 0.096875
1 0.765625 0.58359375 0.1 0.1421875
1 0.878125 0.8640625 0.1578125 0.209375
1 0.8828125 0.35625 0.04375 0.0734375
1 0.9484375 0.4296875 0.0515625 0.0703125
1 0.96015625 0.6875 0.0765625 0.221875
1 0.68125 0.40859375 0.0453125 0.0734375
1 0.9453125 0.32890625 0.0390625 0.046875