2 0.87734375 0.221875 0.0734375 0.1140625
1 0.73984375 0.1875 0.0484375 0.0734375
1 0.703125 0.1921875 0.0375 0.053125
1 0.6328125 0.17734375 0.040625 0.0640625
1 0.7796875 0.38359375 0.0765625 0.109375
1 0.690625 0.5109375 0.1109375 0.1703125
1 0.584375 0.196875 0.0296875 0.0484375
1 0.56328125 0.234375 0.0375 0.05625
1 0.50078125 0.29609375 0.05625 0.1078125
1 0.42890625 0.2203125 0.0390625 0.0765625
1 0.3234375 0.446875 0.0984375 0.14375
1 0.1546875 0.88203125 0.184375 0.2328125
1 0.21328125 0.30546875 0.065625 0.09375