1 0.05625 0.14296875 0.0296875 0.06875
1 0.1109375 0.08125 0.0296875 0.059375
1 0.13828125 0.178125 0.03125 0.059375
1 0.225 0.1625 0.040625 0.0734375
1 0.28671875 0.19765625 0.0578125 0.0890625
1 0.3375 0.10625 0.034375 0.078125
1 0.39140625 0.11015625 0.0296875 0.059375
1 0.54296875 0.20859375 0.0453125 0.0921875
1 0.62421875 0.1828125 0.04375 0.096875
1 0.73671875 0.190625 0.0625 0.1171875
1 0.825 0.2140625 0.0546875 0.1015625
1 0.91640625 0.184375 0.0421875 0.06875
2 0.91015625 0.48359375 0.034375 0.078125