1 0.47578125 0.41796875 0.046875 0.0546875
1 0.22421875 0.44296875 0.04375 0.0484375
2 0.1296875 0.4375 0.0453125 0.0515625
2 0.29296875 0.415625 0.04375 0.0484375
2 0.359375 0.38984375 0.040625 0.04375
2 0.54296875 0.4203125 0.0390625 0.0546875
2 0.646875 0.4265625 0.0453125 0.0515625
2 0.57265625 0.40234375 0.0375 0.04375
0 0.8125 0.44453125 0.0484375 0.0546875
0 0.73046875 0.4328125 0.0390625 0.0546875
0 0.74140625 0.59140625 0.0390625 0.0515625
0 0.39609375 0.4125 0.046875 0.0546875
1 0.934375 0.4984375 0.025 0.0328125
2 0.16796875 0.41015625 0.0265625 0.0296875