1 0.1578125 0.3453125 0.0640625 0.084375
1 0.36640625 0.284375 0.0828125 0.1109375
1 0.5328125 0.2546875 0.0703125 0.0953125
2 0.71015625 0.2265625 0.065625 0.0796875
2 0.909375 0.21953125 0.0625 0.0765625
2 0.89375 0.02109375 0.040625 0.0421875
2 0.559375 0.0234375 0.0234375 0.0421875
2 0.5 0.0453125 0.0171875 0.03125
2 0.753125 0.07734375 0.015625 0.028125
2 0.6796875 0.08671875 0.01875 0.0234375
2 0.64140625 0.0859375 0.01875 0.0234375
1 0.37421875 0.11328125 0.021875 0.03125
2 0.30859375 0.1421875 0.01875 0.0234375
2 0.153125 0.146875 0.01875 0.028125
2 0.09296875 0.159375 0.021875 0.034375
2 0.01015625 0.16640625 0.0203125 0.0359375