1 0.02109375 0.4890625 0.0421875 0.078125
1 0.0875 0.4515625 0.0453125 0.071875
1 0.19140625 0.4515625 0.046875 0.071875
1 0.2859375 0.425 0.0421875 0.0625
1 0.34765625 0.4453125 0.0453125 0.08125
1 0.4828125 0.4640625 0.0453125 0.075
1 0.50390625 0.425 0.028125 0.0859375
1 0.6125 0.43671875 0.025 0.0484375
1 0.69140625 0.32734375 0.053125 0.09375
1 0.8703125 0.35234375 0.059375 0.090625
1 0.98984375 0.378125 0.015625 0.075
1 0.9265625 0.37265625 0.046875 0.078125
2 0.6375 0.44375 0.034375 0.071875
2 0.40390625 0.490625 0.0421875 0.075
2 0.25859375 0.46796875 0.046875 0.08125