1 0.9921875 0.23515625 0.0125 0.0703125
1 0.96171875 0.16328125 0.03125 0.059375
1 0.9171875 0.253125 0.034375 0.059375
1 0.834375 0.22109375 0.04375 0.075
1 0.76640625 0.24375 0.0625 0.090625
1 0.73515625 0.14453125 0.0390625 0.078125
1 0.68046875 0.13828125 0.03125 0.059375
1 0.51328125 0.20546875 0.05 0.09375
1 0.4390625 0.16484375 0.0484375 0.0984375
1 0.3265625 0.1515625 0.06875 0.1203125
1 0.2359375 0.1578125 0.059375 0.1046875
1 0.15078125 0.1109375 0.0453125 0.0703125
2 0.10078125 0.40546875 0.0390625 0.078125