1 0.02109375 0.828125 0.0421875 0.121875
1 0.09765625 0.740625 0.0765625 0.115625
0 0.14609375 0.6765625 0.0625 0.0984375
2 0.0984375 0.43359375 0.05 0.0734375
1 0.10078125 0.3078125 0.0484375 0.09375
1 0.046875 0.2703125 0.0421875 0.0765625
2 0.1296875 0.0234375 0.059375 0.046875
1 0.3421875 0.0546875 0.0609375 0.0859375
1 0.28359375 0.24296875 0.0609375 0.075
1 0.26484375 0.46875 0.0546875 0.09375
1 0.32890625 0.90703125 0.08125 0.1125
1 0.490625 0.74296875 0.0703125 0.0875
1 0.5296875 0.82734375 0.0828125 0.109375
1 0.50390625 0.4265625 0.0671875 0.1
1 0.5046875 0.275 0.071875 0.0921875
1 0.52578125 0.14765625 0.065625 0.0796875
1 0.6390625 0.5046875 0.05625 0.0859375
1 0.68203125 0.2875 0.0609375 0.0953125
1 0.76640625 0.29375 0.0671875 0.1
1 0.9125 0.68515625 0.078125 0.0796875
1 0.90390625 0.384375 0.06875 0.0875
1 0.85 0.23515625 0.053125 0.078125
1 0.85859375 0.12265625 0.0515625 0.065625