2 0.984375 0.23125 0.028125 0.0625
2 0.94453125 0.20078125 0.05 0.071875
2 0.88203125 0.18984375 0.034375 0.0546875
2 0.87578125 0.246875 0.025 0.0734375
2 0.94296875 0.40546875 0.034375 0.0609375
1 0.9078125 0.52578125 0.0609375 0.0984375
0 0.85 0.634375 0.0640625 0.1046875
2 0.70234375 0.95546875 0.0890625 0.0859375
2 0.7328125 0.053125 0.03125 0.0515625
2 0.71640625 0.16875 0.0421875 0.071875
2 0.6640625 0.20859375 0.0359375 0.075
2 0.63046875 0.22109375 0.0328125 0.075
2 0.74296875 0.38515625 0.04375 0.0671875
1 0.6671875 0.54140625 0.05 0.0921875
1 0.58515625 0.5328125 0.0453125 0.0875
2 0.5140625 0.2046875 0.034375 0.0578125
2 0.47890625 0.20625 0.0296875 0.0609375
1 0.4234375 0.25546875 0.0328125 0.0984375
2 0.340625 0.12265625 0.0484375 0.090625
2 0.25703125 0.15 0.0375 0.0640625
1 0.12890625 0.14140625 0.0546875 0.0921875
1 0.13671875 0.29765625 0.0546875 0.115625
2 0.73046875 0.0578125 0.0359375 0.040625