1 0.05078125 0.62109375 0.0796875 0.1125
1 0.07890625 0.45703125 0.0390625 0.059375
1 0.11015625 0.4203125 0.025 0.040625
1 0.19140625 0.44921875 0.0375 0.0453125
1 0.2234375 0.38046875 0.028125 0.0453125
1 0.16015625 0.371875 0.021875 0.03125
1 0.2875 0.54453125 0.115625 0.1734375
1 0.39375 0.3953125 0.025 0.03125
1 0.278125 0.36796875 0.021875 0.028125
1 0.43828125 0.45703125 0.040625 0.05625
1 0.5375 0.43984375 0.0640625 0.090625
1 0.48203125 0.3921875 0.0171875 0.03125
1 0.43828125 0.3875 0.01875 0.021875
1 0.57265625 0.34765625 0.0265625 0.0359375
1 0.6921875 0.37890625 0.0265625 0.028125
1 0.74140625 0.42578125 0.025 0.034375
1 0.81875 0.42421875 0.0515625 0.0703125
1 0.88203125 0.3734375 0.021875 0.034375
1 0.98359375 0.43125 0.025 0.0640625
1 0.65078125 0.35703125 0.0109375 0.0171875
1 0.68828125 0.3296875 0.015625 0.021875
1 0.71875 0.34609375 0.0140625 0.0171875
1 0.7671875 0.38125 0.021875 0.034375
1 0.9515625 0.3578125 0.021875 0.034375
1 0.97265625 0.33671875 0.0109375 0.0203125