1 0.028125 0.04609375 0.05625 0.046875
1 0.30078125 0.0703125 0.05625 0.0796875
1 0.2390625 0.18359375 0.05625 0.0875
2 0.4 0.06875 0.0484375 0.071875
1 0.32890625 0.1953125 0.0703125 0.1140625
1 0.0734375 0.71875 0.1359375 0.3140625
2 0.57421875 0.20234375 0.0390625 0.071875
2 0.5390625 0.259375 0.0625 0.0875
1 0.48984375 0.41875 0.078125 0.1203125
1 0.66796875 0.128125 0.059375 0.1015625
1 0.8109375 0.1796875 0.05 0.0859375
1 0.77734375 0.46171875 0.078125 0.10625
1 0.925 0.32890625 0.0625 0.0828125