2 0.13671875 0.9125 0.046875 0.065625
2 0.03046875 0.68203125 0.040625 0.065625
2 0.1515625 0.6875 0.0390625 0.065625
2 0.04375 0.57890625 0.0359375 0.0578125
2 0.16484375 0.5359375 0.04375 0.065625
2 0.05546875 0.4421875 0.0390625 0.0609375
2 0.16171875 0.44296875 0.0359375 0.040625
2 0.19921875 0.3890625 0.034375 0.05
2 0.06015625 0.2953125 0.034375 0.053125
2 0.09140625 0.24609375 0.028125 0.0375
2 0.20625 0.2625 0.0359375 0.0578125
2 0.11015625 0.12109375 0.03125 0.05
2 0.2015625 0.1359375 0.0359375 0.0578125
2 0.21875 0.06796875 0.0328125 0.0453125
2 0.3875 0.12421875 0.0171875 0.040625
1 0.46328125 0.10859375 0.0203125 0.0453125
1 0.509375 0.09375 0.0234375 0.040625
2 0.44609375 0.14140625 0.0296875 0.0453125
2 0.45078125 0.1984375 0.028125 0.0453125
1 0.43203125 0.2984375 0.028125 0.040625
2 0.4703125 0.35 0.0203125 0.0453125
2 0.45 0.40078125 0.0234375 0.05
2 0.4546875 0.48828125 0.03125 0.053125
2 0.4328125 0.58125 0.0390625 0.0578125
2 0.46875 0.65625 0.0328125 0.0453125
2 0.48125 0.83671875 0.0359375 0.040625
2 0.49921875 0.92890625 0.04375 0.0703125
2 0.4671875 0.91328125 0.015625 0.0453125
1 0.5203125 0.440625 0.034375 0.05
2 0.55234375 0.4828125 0.0359375 0.0609375
2 0.55859375 0.3890625 0.0359375 0.053125
2 0.53046875 0.3828125 0.0265625 0.05
2 0.51796875 0.20625 0.0171875 0.0375
2 0.540625 0.228125 0.03125 0.05
2 0.57265625 0.10625 0.025 0.0453125
2 0.5828125 0.24765625 0.03125 0.05
2 0.63046875 0.23671875 0.025 0.0375
2 0.63359375 0.34453125 0.034375 0.05
2 0.61484375 0.5203125 0.0296875 0.040625
2 0.5640625 0.66875 0.028125 0.0578125
2 0.6015625 0.7171875 0.0359375 0.0578125
2 0.6453125 0.71171875 0.034375 0.0578125
2 0.6484375 0.54453125 0.0359375 0.0578125
2 0.6453125 0.93671875 0.03125 0.0578125
2 0.61015625 0.1484375 0.028125 0.040625
2 0.65 0.1203125 0.0171875 0.040625
2 0.63828125 0.0671875 0.0234375 0.0328125
2 0.70703125 0.0921875 0.0234375 0.0375
2 0.68125 0.12578125 0.025 0.0296875
2 0.71171875 0.16953125 0.0296875 0.0375
2 0.70078125 0.26953125 0.0359375 0.040625
2 0.72421875 0.246875 0.0125 0.0453125
2 0.69609375 0.36796875 0.0328125 0.040625
2 0.72734375 0.41484375 0.034375 0.053125
2 0.75234375 0.421875 0.0171875 0.0453125
2 0.7421875 0.525 0.034375 0.053125
2 0.73671875 0.66328125 0.0375 0.0453125
2 0.77265625 0.79765625 0.0359375 0.053125
2 0.78984375 0.86875 0.0234375 0.0328125
2 0.8078125 0.96015625 0.0359375 0.053125
2 0.7515625 0.0953125 0.0171875 0.0296875