2 0.8015625 0.1125 0.0859375 0.1203125
2 0.57734375 0.03359375 0.0421875 0.0671875
2 0.43359375 0.0765625 0.046875 0.0765625
1 0.4 0.125 0.0703125 0.11875
2 0.56171875 0.17734375 0.075 0.1015625
1 0.6109375 0.32734375 0.1015625 0.1578125
2 0.7734375 0.3140625 0.0734375 0.08125
0 0.925 0.72734375 0.0875 0.1296875
0 0.68515625 0.44296875 0.1 0.1609375
0 0.51328125 0.4328125 0.1421875 0.2109375
2 0.3265625 0.24453125 0.0546875 0.0859375
1 0.2890625 0.28671875 0.0859375 0.1328125
1 0.10234375 0.33046875 0.1234375 0.1875
1 0.32265625 0.72734375 0.1546875 0.2390625