1 0.87890625 0.62578125 0.0734375 0.0890625
1 0.7515625 0.56875 0.0609375 0.0953125
1 0.6078125 0.82578125 0.0765625 0.103125
1 0.6875 0.54375 0.05 0.0734375
1 0.646875 0.4203125 0.04375 0.06875
0 0.7375 0.3734375 0.0375 0.0578125
1 0.84140625 0.45 0.0375 0.06875
1 0.85625 0.371875 0.025 0.0453125
1 0.79765625 0.328125 0.0234375 0.0375
1 0.53046875 0.47265625 0.0671875 0.0921875
1 0.47421875 0.390625 0.0421875 0.071875
1 0.23515625 0.453125 0.0859375 0.1109375
1 0.06796875 0.51484375 0.040625 0.0875
1 0.38203125 0.3515625 0.025 0.0671875
1 0.45078125 0.25703125 0.0375 0.0609375
1 0.546875 0.2296875 0.03125 0.046875
1 0.69765625 0.26328125 0.025 0.0484375
1 0.91328125 0.35078125 0.021875 0.0609375
1 0.934375 0.29609375 0.021875 0.0453125
1 0.85859375 0.259375 0.03125 0.053125
1 0.78515625 0.221875 0.021875 0.034375