1 0.8296875 0.3375 0.0546875 0.06875
1 0.7140625 0.31796875 0.0546875 0.0734375
1 0.5953125 0.325 0.065625 0.08125
1 0.93046875 0.34140625 0.03125 0.046875
1 0.72890625 0.25546875 0.0375 0.0515625
1 0.796875 0.275 0.0265625 0.0390625
1 0.634375 0.275 0.05625 0.0796875
1 0.18046875 0.23203125 0.0546875 0.06875
1 0.34140625 0.2125 0.0515625 0.06875
1 0.44140625 0.2390625 0.0515625 0.06875
2 0.28046875 0.225 0.0484375 0.0890625
1 0.15234375 0.16171875 0.034375 0.0546875
1 0.9203125 0.3921875 0.0265625 0.0609375