1 0.05859375 0.31953125 0.053125 0.090625
1 0.14453125 0.35625 0.0578125 0.0796875
1 0.2671875 0.259375 0.034375 0.059375
1 0.3296875 0.31328125 0.059375 0.103125
1 0.3390625 0.25234375 0.0375 0.0640625
1 0.378125 0.2890625 0.0484375 0.08125
1 0.44921875 0.4796875 0.059375 0.0875
1 0.403125 0.26328125 0.021875 0.0578125
1 0.44921875 0.27578125 0.034375 0.0640625
1 0.49609375 0.265625 0.0375 0.071875
1 0.53046875 0.26796875 0.0515625 0.0859375
1 0.5859375 0.290625 0.0453125 0.0703125
1 0.6265625 0.31171875 0.046875 0.08125
1 0.69140625 0.3265625 0.0625 0.0875
1 0.68203125 0.18984375 0.0296875 0.05625
1 0.73515625 0.225 0.04375 0.0734375
2 0.77265625 0.2203125 0.0421875 0.0640625
1 0.80390625 0.2078125 0.025 0.046875
1 0.84453125 0.1921875 0.046875 0.0703125
1 0.903125 0.20390625 0.05625 0.0828125