1 0.1859375 0.00859375 0.01875 0.0171875
1 0.12734375 0.15 0.0234375 0.03125
2 0.16796875 0.2453125 0.0265625 0.0390625
1 0.14765625 0.32421875 0.03125 0.0421875
1 0.19375 0.3375 0.021875 0.0421875
1 0.02109375 0.421875 0.0296875 0.0421875
1 0.078125 0.41015625 0.028125 0.034375
1 0.1359375 0.42734375 0.034375 0.04375
2 0.10546875 0.52265625 0.03125 0.0421875
1 0.0515625 0.65 0.03125 0.034375
2 0.1453125 0.58828125 0.0265625 0.0421875
1 0.421875 0.00859375 0.021875 0.0171875
1 0.40703125 0.040625 0.0265625 0.034375
1 0.36640625 0.071875 0.0171875 0.0265625
1 0.34765625 0.096875 0.01875 0.03125
1 0.309375 0.121875 0.0234375 0.03125
1 0.27734375 0.20859375 0.0203125 0.0234375
2 0.24375 0.21484375 0.0203125 0.0234375
1 0.25 0.25 0.0203125 0.0265625
2 0.2921875 0.26015625 0.0234375 0.03125
1 0.2765625 0.37265625 0.0234375 0.034375
2 0.29140625 0.42421875 0.0203125 0.03125
0 0.28359375 0.53515625 0.0328125 0.0453125
1 0.2484375 0.58203125 0.034375 0.046875
1 0.290625 0.75390625 0.0390625 0.053125
1 0.19140625 0.91328125 0.04375 0.0578125
1 0.51171875 0.0140625 0.0125 0.01875
1 0.471875 0.0484375 0.0171875 0.0265625
1 0.44453125 0.0578125 0.0203125 0.0234375
2 0.44921875 0.1078125 0.015625 0.0265625
1 0.478125 0.10078125 0.0234375 0.034375
1 0.36015625 0.1875 0.0203125 0.0265625
1 0.4328125 0.19453125 0.0203125 0.03125
2 0.378125 0.221875 0.0234375 0.034375
2 0.328125 0.246875 0.0203125 0.03125
1 0.39296875 0.278125 0.0265625 0.034375
1 0.35859375 0.35078125 0.025 0.028125
1 0.47421875 0.32109375 0.0234375 0.034375
1 0.43671875 0.36171875 0.028125 0.03125
1 0.3609375 0.44296875 0.025 0.0375
1 0.43984375 0.42421875 0.0265625 0.0390625
1 0.3609375 0.60625 0.0296875 0.0453125
1 0.35625 0.68125 0.0296875 0.0453125
1 0.38359375 0.69765625 0.0328125 0.05
1 0.35859375 0.92265625 0.04375 0.0578125
1 0.42578125 0.784375 0.021875 0.0375
1 0.45859375 0.58359375 0.03125 0.0421875
1 0.4484375 0.540625 0.03125 0.03125
1 0.5296875 0.06796875 0.015625 0.0234375
1 0.60078125 0.040625 0.015625 0.0234375
1 0.56015625 0.08125 0.0140625 0.0125
1 0.58671875 0.1140625 0.0203125 0.0265625
1 0.625 0.07578125 0.0171875 0.0265625
1 0.53984375 0.14296875 0.0203125 0.03125
1 0.56875 0.20625 0.0125 0.01875
1 0.53828125 0.24140625 0.025 0.028125
1 0.584375 0.30703125 0.0234375 0.03125
1 0.5015625 0.3625 0.025 0.0375
1 0.57265625 0.35703125 0.0234375 0.03125
1 0.55078125 0.38125 0.0265625 0.0421875
1 0.50078125 0.4546875 0.0234375 0.034375
1 0.6859375 0.02890625 0.0171875 0.0203125
1 0.6890625 0.10859375 0.0171875 0.0265625
1 0.71796875 0.09140625 0.015625 0.0234375
1 0.74140625 0.11328125 0.0125 0.0234375
1 0.75078125 0.11875 0.0171875 0.0265625
2 0.71953125 0.1609375 0.015625 0.0234375
1 0.78125 0.1390625 0.01875 0.03125
2 0.7796875 0.1734375 0.0171875 0.0265625
1 0.74296875 0.23046875 0.0203125 0.0265625
2 0.6828125 0.1890625 0.0203125 0.0234375
0 0.66015625 0.20390625 0.0234375 0.03125
1 0.65859375 0.31484375 0.0234375 0.0265625
1 0.61640625 0.40703125 0.0265625 0.034375
1 0.6828125 0.40703125 0.0234375 0.03125
1 0.5921875 0.53515625 0.03125 0.034375
1 0.57109375 0.771875 0.0375 0.05
1 0.50234375 0.8734375 0.040625 0.0546875
1 0.6046875 0.84453125 0.0375 0.05
1 0.82421875 0.046875 0.0203125 0.0234375
1 0.86953125 0.11796875 0.01875 0.03125
2 0.88671875 0.134375 0.015625 0.0234375
1 0.8625 0.184375 0.015625 0.0265625
1 0.8640625 0.21328125 0.0203125 0.0265625
1 0.8046875 0.27421875 0.0234375 0.034375
1 0.83984375 0.34609375 0.0203125 0.03125
1 0.70390625 0.4484375 0.0265625 0.0390625
1 0.74140625 0.4296875 0.0265625 0.034375
1 0.7203125 0.4890625 0.028125 0.034375
1 0.7203125 0.56484375 0.0265625 0.0421875
1 0.690625 0.57734375 0.0328125 0.0453125
1 0.70546875 0.94375 0.0421875 0.0578125
1 0.86796875 0.853125 0.0375 0.046875
1 0.903125 0.8359375 0.0328125 0.053125
1 0.92734375 0.6578125 0.0328125 0.0453125
1 0.9359375 0.58828125 0.03125 0.0421875
1 0.99140625 0.55078125 0.0125 0.040625
1 0.89765625 0.525 0.021875 0.0203125
1 0.91875 0.4859375 0.0265625 0.0390625
1 0.89375 0.421875 0.0265625 0.0390625
1 0.94375 0.3734375 0.025 0.0375
1 0.88984375 0.36875 0.0265625 0.034375
1 0.87578125 0.3265625 0.0203125 0.034375
1 0.9328125 0.325 0.015625 0.0234375
1 0.8859375 0.26796875 0.0234375 0.03125
1 0.9078125 0.21484375 0.0171875 0.0265625
1 0.99296875 0.240625 0.0109375 0.028125
1 0.94453125 0.1234375 0.0171875 0.0234375
1 0.921875 0.08984375 0.015625 0.0265625
1 0.98125 0.1078125 0.0171875 0.0203125