1 0.10546875 0.57109375 0.0859375 0.1828125
1 0.07578125 0.25234375 0.0703125 0.146875
1 0.14921875 0.10625 0.0625 0.153125
1 0.225 0.503125 0.0703125 0.171875
1 0.16796875 0.39609375 0.059375 0.1375
1 0.3296875 0.58828125 0.0671875 0.2015625
1 0.2578125 0.9265625 0.1 0.125
1 0.41328125 0.8953125 0.1171875 0.1984375
1 0.425 0.35703125 0.0765625 0.178125
1 0.35078125 0.2375 0.0671875 0.146875
1 0.54921875 0.38046875 0.065625 0.146875
1 0.56875 0.7859375 0.0890625 0.1625
1 0.62578125 0.58984375 0.06875 0.18125
1 0.6109375 0.32890625 0.0703125 0.1671875
1 0.67578125 0.1328125 0.059375 0.1375
2 0.55 0.09375 0.0515625 0.0984375
1 0.76875 0.4265625 0.0625 0.146875
1 0.8015625 0.690625 0.096875 0.20625
1 0.853125 0.66328125 0.0625 0.1578125
1 0.96328125 0.47578125 0.0703125 0.1921875
1 0.93671875 0.21640625 0.0671875 0.153125
1 0.959375 0.07109375 0.05625 0.09375
1 0.853125 0.37421875 0.071875 0.1421875
1 0.959375 0.89765625 0.05625 0.2015625