2 0.01484375 0.64453125 0.0296875 0.0640625
1 0.065625 0.6625 0.053125 0.0765625
1 0.146875 0.64375 0.0234375 0.046875
1 0.2234375 0.7125 0.0484375 0.065625
2 0.3171875 0.5375 0.03125 0.0484375
1 0.34140625 0.5578125 0.0421875 0.053125
0 0.38203125 0.578125 0.0359375 0.0421875
2 0.34453125 0.640625 0.040625 0.05625
1 0.2921875 0.66796875 0.0453125 0.053125
1 0.3875 0.65859375 0.046875 0.065625
1 0.4359375 0.61484375 0.0453125 0.06875
1 0.5328125 0.59765625 0.0359375 0.05
1 0.47109375 0.69609375 0.05 0.06875
1 0.48359375 0.77265625 0.053125 0.08125
1 0.584375 0.59453125 0.046875 0.065625
2 0.5015625 0.9625 0.059375 0.071875
1 0.56796875 0.49375 0.0328125 0.040625
1 0.51875 0.45 0.028125 0.04375
1 0.61484375 0.50703125 0.03125 0.0453125
1 0.73828125 0.4484375 0.03125 0.040625
1 0.79453125 0.46875 0.021875 0.03125
1 0.9 0.56328125 0.0296875 0.0375