2 0.8625 0.059375 0.04375 0.0703125
2 0.80234375 0.19140625 0.0515625 0.0703125
2 0.82421875 0.35 0.0578125 0.0828125
1 0.8671875 0.52265625 0.0546875 0.075
2 0.5046875 0.14921875 0.046875 0.0703125
1 0.55859375 0.2984375 0.0546875 0.0703125
1 0.52421875 0.39921875 0.0515625 0.0703125
1 0.56171875 0.57109375 0.0578125 0.0828125
1 0.23046875 0.0796875 0.05 0.065625
1 0.15703125 0.18671875 0.0546875 0.0671875
2 0.1796875 0.31015625 0.0453125 0.0546875
2 0.29296875 0.4390625 0.05 0.0734375
1 0.2171875 0.64375 0.053125 0.0453125