1 0.9171875 0.20390625 0.0625 0.1015625
1 0.853125 0.19296875 0.0734375 0.103125
1 0.6734375 0.11875 0.0578125 0.096875
1 0.7375 0.30625 0.059375 0.109375
1 0.65546875 0.27578125 0.0640625 0.10625
1 0.5765625 0.296875 0.071875 0.1109375
1 0.515625 0.2265625 0.0703125 0.1
1 0.45859375 0.28671875 0.071875 0.1078125
1 0.3953125 0.26171875 0.0734375 0.1125
1 0.27890625 0.30625 0.0625 0.09375
1 0.2265625 0.321875 0.05625 0.109375
1 0.13125 0.2984375 0.0796875 0.1203125
1 0.03203125 0.30078125 0.0640625 0.1140625
1 0.61484375 0.178125 0.0640625 0.0953125
1 0.00859375 0.453125 0.0171875 0.0875