2 0.1375 0.059375 0.04375 0.0703125
2 0.19765625 0.19140625 0.0515625 0.0703125
2 0.17578125 0.35 0.0578125 0.0828125
1 0.1328125 0.52265625 0.0546875 0.075
2 0.4953125 0.14921875 0.046875 0.0703125
1 0.44140625 0.2984375 0.0546875 0.0703125
1 0.47578125 0.39921875 0.0515625 0.0703125
1 0.43828125 0.57109375 0.0578125 0.0828125
1 0.76953125 0.0796875 0.05 0.065625
1 0.84296875 0.18671875 0.0546875 0.0671875
2 0.8203125 0.31015625 0.0453125 0.0546875
2 0.70703125 0.4390625 0.05 0.0734375
1 0.7828125 0.64375 0.053125 0.0453125