1 0.13515625 0.040625 0.015625 0.021875
1 0.09296875 0.190625 0.0203125 0.0296875
2 0.14296875 0.28125 0.0234375 0.0359375
1 0.13125 0.3625 0.028125 0.040625
1 0.17890625 0.3703125 0.0171875 0.040625
1 0.015625 0.471875 0.025 0.040625
1 0.07109375 0.4546875 0.025 0.0328125
1 0.13046875 0.46640625 0.0296875 0.040625
2 0.11015625 0.56328125 0.028125 0.040625
1 0.0703125 0.6953125 0.028125 0.0328125
2 0.15625 0.625 0.0234375 0.040625
1 0.36953125 0.0140625 0.0171875 0.025
1 0.359375 0.053125 0.0234375 0.0328125
1 0.321875 0.08828125 0.015625 0.025
1 0.30703125 0.115625 0.015625 0.0296875
1 0.27109375 0.14375 0.0203125 0.0296875
1 0.2484375 0.2328125 0.0171875 0.021875
2 0.215625 0.24375 0.0171875 0.021875
1 0.225 0.27734375 0.0171875 0.025
2 0.26875 0.28359375 0.0203125 0.0296875
1 0.2640625 0.396875 0.0203125 0.0328125
2 0.284375 0.44609375 0.0171875 0.0296875
0 0.28828125 0.55703125 0.028125 0.04375
1 0.25859375 0.6078125 0.0296875 0.04375
1 0.31875 0.77421875 0.034375 0.05
1 0.2359375 0.94296875 0.0390625 0.0546875
1 0.4609375 0.015625 0.0109375 0.01875
1 0.425 0.05390625 0.015625 0.025
1 0.39921875 0.06640625 0.0171875 0.021875
2 0.40859375 0.115625 0.0125 0.025
1 0.43671875 0.10546875 0.0203125 0.0328125
1 0.32890625 0.20390625 0.0171875 0.025
1 0.4015625 0.203125 0.0171875 0.0296875
2 0.35 0.23671875 0.0203125 0.0328125
2 0.30234375 0.26640625 0.0171875 0.0296875
1 0.3703125 0.290625 0.0234375 0.0328125
1 0.34375 0.365625 0.0234375 0.025
1 0.45546875 0.325 0.0203125 0.0328125
1 0.42265625 0.36875 0.025 0.0296875
1 0.35546875 0.4578125 0.0203125 0.0359375
1 0.4328125 0.43046875 0.0234375 0.0359375
1 0.37265625 0.6203125 0.025 0.04375
1 0.3765625 0.6953125 0.025 0.04375
1 0.4046875 0.70859375 0.028125 0.046875
1 0.403125 0.93515625 0.0390625 0.0546875
1 0.45546875 0.790625 0.0171875 0.0359375
1 0.4671875 0.5875 0.028125 0.040625
1 0.453125 0.54609375 0.028125 0.0296875
1 0.484375 0.06796875 0.0125 0.021875
1 0.5515625 0.0328125 0.0125 0.021875
1 0.515625 0.07734375 0.0125 0.0109375
1 0.54609375 0.10703125 0.0171875 0.025
1 0.58046875 0.06484375 0.015625 0.025
1 0.50234375 0.140625 0.0171875 0.0296875
1 0.53828125 0.20078125 0.0109375 0.01875
1 0.5109375 0.2390625 0.0234375 0.025
1 0.56328125 0.29921875 0.0203125 0.0296875
1 0.4875 0.36328125 0.0203125 0.0359375
1 0.55703125 0.35 0.0203125 0.0296875
1 0.53828125 0.3765625 0.0234375 0.040625
1 0.49609375 0.4546875 0.0203125 0.0328125
1 0.6359375 0.01171875 0.015625 0.01875
1 0.646875 0.090625 0.015625 0.025
1 0.67421875 0.07109375 0.0125 0.021875
1 0.69921875 0.08984375 0.0109375 0.021875
1 0.709375 0.0953125 0.015625 0.025
2 0.6828125 0.13984375 0.0125 0.021875
1 0.7421875 0.11171875 0.015625 0.0296875
2 0.74375 0.14609375 0.015625 0.025
1 0.7140625 0.20703125 0.0171875 0.025
2 0.64921875 0.17109375 0.0171875 0.021875
0 0.628125 0.1890625 0.0203125 0.0296875
1 0.6390625 0.29921875 0.0203125 0.025
1 0.60546875 0.3953125 0.0234375 0.0328125
1 0.67265625 0.38828125 0.0203125 0.0296875
1 0.5953125 0.525 0.028125 0.0328125
1 0.59921875 0.7625 0.034375 0.046875
1 0.54140625 0.87109375 0.0359375 0.05
1 0.640625 0.83125 0.034375 0.046875
1 0.775 0.015625 0.0171875 0.021875
1 0.82734375 0.08125 0.015625 0.0296875
2 0.84609375 0.09609375 0.0125 0.021875
1 0.82734375 0.14765625 0.0125 0.025
1 0.83203125 0.1765625 0.0171875 0.025
1 0.7796875 0.24375 0.0203125 0.0328125
1 0.821875 0.3109375 0.0171875 0.0296875
1 0.69765625 0.42734375 0.0234375 0.0359375
1 0.7328125 0.4046875 0.0234375 0.0328125
1 0.71796875 0.46640625 0.025 0.0328125
1 0.72578125 0.54140625 0.0234375 0.040625
1 0.69765625 0.55703125 0.028125 0.04375
1 0.75078125 0.9203125 0.0359375 0.0546875
1 0.89453125 0.98046875 0.0421875 0.0359375
1 0.95859375 0.98671875 0.0390625 0.0234375
1 0.903125 0.8125 0.0328125 0.04375
1 0.93671875 0.7921875 0.028125 0.05
1 0.9421875 0.6125 0.028125 0.04375
1 0.94296875 0.5421875 0.028125 0.040625
1 0.99375 0.49921875 0.0078125 0.040625
1 0.89765625 0.48359375 0.0203125 0.01875
1 0.91484375 0.4421875 0.0234375 0.0359375
1 0.88359375 0.38125 0.0234375 0.0359375
1 0.928125 0.328125 0.0203125 0.0359375
1 0.87421875 0.328125 0.0234375 0.0328125
1 0.85546875 0.28828125 0.0171875 0.0328125
1 0.9125 0.28046875 0.0125 0.021875
1 0.859375 0.22890625 0.0203125 0.0296875
1 0.87578125 0.1734375 0.015625 0.025
1 0.96640625 0.18984375 0.0125 0.025
1 0.98984375 0.11484375 0.015625 0.025
1 0.90234375 0.07890625 0.015625 0.021875
1 0.8765625 0.04765625 0.0125 0.025
1 0.9375 0.06015625 0.015625 0.01875
2 0.965625 0.03671875 0.0109375 0.021875
2 0.99609375 0.08046875 0.0046875 0.0234375