1 0.9171875 0.11328125 0.034375 0.06875
1 0.85859375 0.05546875 0.0328125 0.059375
1 0.83828125 0.153125 0.034375 0.0609375
1 0.75078125 0.14453125 0.0453125 0.075
1 0.69140625 0.18359375 0.0640625 0.0921875
1 0.63515625 0.09609375 0.040625 0.0796875
1 0.58046875 0.10390625 0.0328125 0.059375
1 0.43671875 0.2125 0.0515625 0.09375
1 0.35390625 0.1921875 0.05 0.0984375
1 0.2421875 0.2078125 0.0703125 0.1203125
1 0.15625 0.2375 0.0609375 0.1046875
1 0.0625 0.2140625 0.046875 0.0703125
2 0.08984375 0.51171875 0.040625 0.0796875