0 0.1140625 0.46484375 0.1578125 0.265625
1 0.43984375 0.63046875 0.134375 0.259375
1 0.553125 0.746875 0.0859375 0.1953125
1 0.68203125 0.77578125 0.140625 0.2390625
1 0.82890625 0.6921875 0.103125 0.2046875
1 0.64375 0.35234375 0.071875 0.1453125
1 0.70703125 0.30625 0.0734375 0.1234375
1 0.49375 0.2609375 0.053125 0.109375
1 0.53671875 0.19609375 0.05625 0.1015625
1 0.46328125 0.334375 0.071875 0.1015625
1 0.56796875 0.071875 0.04375 0.06875
1 0.64921875 0.0390625 0.0421875 0.0609375
1 0.503125 0.06015625 0.0421875 0.0640625