1 0.85703125 0.18828125 0.04375 0.0734375
1 0.73984375 0.20703125 0.053125 0.078125
1 0.6484375 0.2328125 0.0421875 0.0578125
1 0.54921875 0.1203125 0.0625 0.1
1 0.496875 0.16953125 0.0359375 0.05
1 0.4234375 0.1828125 0.053125 0.078125
1 0.36328125 0.3765625 0.0484375 0.0765625
1 0.296875 0.16328125 0.053125 0.078125
1 0.21640625 0.22578125 0.0515625 0.08125
1 0.15 0.24765625 0.0359375 0.0578125
1 0.1078125 0.2515625 0.0453125 0.0609375
1 0.08125 0.203125 0.0265625 0.0421875
1 0.01953125 0.18203125 0.0390625 0.0859375