1 0.025 0.5484375 0.05 0.084375
1 0.084375 0.50234375 0.053125 0.0765625
1 0.1875 0.48984375 0.05625 0.0765625
1 0.278125 0.4515625 0.05 0.0671875
1 0.3421875 0.4640625 0.0546875 0.0875
1 0.47890625 0.46640625 0.0546875 0.0796875
1 0.49453125 0.425 0.0375 0.0890625
1 0.60390625 0.4234375 0.03125 0.0515625
1 0.66875 0.30546875 0.0640625 0.1
1 0.84921875 0.30859375 0.0703125 0.096875
1 0.97109375 0.31953125 0.0234375 0.0765625
1 0.9078125 0.321875 0.05625 0.084375
2 0.6296875 0.42734375 0.04375 0.075
2 0.403125 0.50234375 0.0515625 0.0796875
2 0.25625 0.49765625 0.0578125 0.0875