2 0.1390625 0.41953125 0.0703125 0.109375
2 0.15234375 0.2796875 0.0625 0.0875
1 0.2265625 0.2640625 0.053125 0.0734375
2 0.28203125 0.32890625 0.0515625 0.0828125
1 0.3171875 0.253125 0.05 0.0859375
2 0.25 0.18125 0.0578125 0.1
1 0.12109375 0.60234375 0.0578125 0.1484375
2 0.18359375 0.6625 0.0828125 0.15
2 0.24765625 0.77734375 0.0828125 0.1578125
1 0.35 0.86015625 0.1078125 0.190625
1 0.36953125 0.50390625 0.071875 0.13125
1 0.37734375 0.33828125 0.0671875 0.0921875
2 0.38359375 0.16875 0.040625 0.06875
1 0.47734375 0.184375 0.046875 0.1
1 0.45546875 0.2390625 0.034375 0.0859375
1 0.525 0.184375 0.046875 0.0859375
2 0.5890625 0.13671875 0.04375 0.08125
2 0.634375 0.21171875 0.06875 0.1140625
1 0.465625 0.4453125 0.0609375 0.109375
1 0.4484375 0.61953125 0.0703125 0.1046875
1 0.56015625 0.509375 0.06875 0.13125
2 0.465625 0.79453125 0.0484375 0.1078125
2 0.4140625 0.83046875 0.05 0.15625
1 0.59375 0.90625 0.0984375 0.16875
1 0.6390625 0.56484375 0.0765625 0.128125
1 0.68671875 0.79296875 0.0609375 0.153125
1 0.68203125 0.4140625 0.0546875 0.0953125
1 0.7546875 0.5375 0.0640625 0.1140625
2 0.696875 0.1296875 0.0546875 0.090625
2 0.68828125 0.2484375 0.04375 0.0640625
2 0.74296875 0.1609375 0.0484375 0.0765625
1 0.83671875 0.13203125 0.0390625 0.08125
2 0.77265625 0.26640625 0.05 0.08125
1 0.83671875 0.52265625 0.075 0.0828125
2 0.8765625 0.759375 0.0859375 0.128125