1 0.78203125 0.73515625 0.1046875 0.1578125
2 0.8328125 0.534375 0.08125 0.11875
2 0.44453125 0.5546875 0.08125 0.11875
1 0.5140625 0.6953125 0.1078125 0.15
1 0.95625 0.5609375 0.0625 0.0875
1 0.18203125 0.61640625 0.0875 0.15625
1 0.075 0.490625 0.0578125 0.0921875
1 0.2625 0.5734375 0.0484375 0.1015625
1 0.35078125 0.52421875 0.0546875 0.08125
1 0.3921875 0.48515625 0.0609375 0.1109375
1 0.51796875 0.4859375 0.0640625 0.0953125
1 0.56796875 0.4875 0.0421875 0.071875
1 0.61640625 0.3953125 0.03125 0.0578125
1 0.73125 0.36328125 0.04375 0.053125
2 0.2984375 0.48359375 0.0421875 0.0765625
1 0.1234375 0.396875 0.0375 0.0578125
1 0.3765625 0.38125 0.046875 0.06875
2 0.4765625 0.3359375 0.034375 0.053125
1 0.52109375 0.315625 0.015625 0.0375
1 0.64765625 0.3140625 0.01875 0.034375
1 0.42890625 0.33125 0.0234375 0.0375
1 0.259375 0.2875 0.021875 0.0296875
1 0.68984375 0.375 0.0375 0.05
1 0.5796875 0.428125 0.03125 0.0578125
1 0.9203125 0.32734375 0.0234375 0.0421875
1 0.96484375 0.31953125 0.025 0.0453125
1 0.78671875 0.35625 0.01875 0.034375
1 0.94453125 0.315625 0.021875 0.0375