2 0.14140625 0.16484375 0.06875 0.1125
2 0.35 0.0484375 0.03125 0.0671875
2 0.5 0.07109375 0.0359375 0.071875
1 0.540625 0.1140625 0.0546875 0.1125
2 0.38828125 0.190625 0.0625 0.09375
1 0.36328125 0.346875 0.0796875 0.1484375
2 0.20078125 0.35859375 0.0640625 0.071875
0 0.115625 0.790625 0.06875 0.121875
0 0.30859375 0.47265625 0.078125 0.1515625
0 0.47578125 0.43515625 0.1140625 0.196875
2 0.63125 0.2203125 0.04375 0.0796875
1 0.67421875 0.25625 0.0671875 0.125
1 0.86640625 0.2703125 0.0984375 0.175
1 0.7109375 0.696875 0.1203125 0.2234375