1 0.8828125 0.6125 0.0703125 0.0859375
1 0.75390625 0.56015625 0.0578125 0.09375
1 0.61875 0.821875 0.071875 0.1
1 0.6890625 0.5375 0.046875 0.071875
1 0.64375 0.415625 0.0421875 0.0671875
0 0.7328125 0.36484375 0.034375 0.05625
1 0.83984375 0.43828125 0.034375 0.0671875
1 0.8515625 0.359375 0.021875 0.0453125
1 0.79140625 0.31796875 0.021875 0.0375
1 0.5296875 0.471875 0.065625 0.090625
1 0.4703125 0.39140625 0.040625 0.071875
1 0.23359375 0.4625 0.0828125 0.109375
1 0.06875 0.5296875 0.0375 0.0859375
1 0.3765625 0.35546875 0.021875 0.0671875
1 0.4421875 0.25859375 0.034375 0.059375
1 0.5375 0.228125 0.0296875 0.0453125
1 0.6890625 0.25625 0.021875 0.0484375
1 0.9078125 0.33671875 0.0203125 0.059375
1 0.92734375 0.28125 0.0203125 0.0453125
1 0.85 0.246875 0.0296875 0.053125
1 0.775 0.21171875 0.0203125 0.034375