1 0.9515625 0.5546875 0.0265625 0.0484375
1 0.85546875 0.603125 0.0453125 0.0734375
1 0.8109375 0.57421875 0.0765625 0.1265625
1 0.76796875 0.5421875 0.04375 0.0734375
1 0.65 0.70078125 0.0765625 0.1140625
1 0.9609375 0.4890625 0.015625 0.025
1 0.91640625 0.4796875 0.01875 0.0296875
1 0.890625 0.48515625 0.028125 0.0390625
1 0.86875 0.4796875 0.021875 0.034375
1 0.71328125 0.4640625 0.0328125 0.0546875
1 0.68671875 0.478125 0.021875 0.034375
1 0.66328125 0.53515625 0.0328125 0.0453125
1 0.6546875 0.43125 0.0203125 0.034375
1 0.5625 0.48203125 0.0328125 0.0453125
1 0.55625 0.65390625 0.0375 0.0546875
1 0.51015625 0.46484375 0.0296875 0.0625
1 0.46484375 0.4921875 0.0421875 0.06875
1 0.4578125 0.6140625 0.0625 0.1390625
1 0.55546875 0.38046875 0.0234375 0.0390625
1 0.596875 0.3921875 0.028125 0.0390625
1 0.36015625 0.48046875 0.0515625 0.0703125
1 0.43515625 0.421875 0.028125 0.0390625
1 0.34609375 0.340625 0.0203125 0.034375
1 0.3640625 0.30390625 0.01875 0.0296875
1 0.19609375 0.6453125 0.1671875 0.2671875
1 0.05859375 0.34375 0.053125 0.096875
1 0.13984375 0.39140625 0.0328125 0.0546875
1 0.90625 0.66015625 0.0234375 0.0390625
1 0.94609375 0.4796875 0.01875 0.0296875