1 0.0125 0.1953125 0.025 0.084375
1 0.06328125 0.23671875 0.0609375 0.10625
2 0.08984375 0.3859375 0.059375 0.096875
1 0.071875 0.88359375 0.0875 0.146875
1 0.2328125 0.12265625 0.065625 0.0890625
1 0.265625 0.3984375 0.065625 0.11875
0 0.17734375 0.671875 0.0671875 0.1375
1 0.14140625 0.765625 0.0828125 0.1421875
1 0.40546875 0.91875 0.0765625 0.1375
1 0.45859375 0.10625 0.0734375 0.10625
1 0.484375 0.29609375 0.0703125 0.115625
1 0.5296875 0.69140625 0.0640625 0.1015625
1 0.5875 0.78359375 0.084375 0.134375
1 0.63203125 0.0921875 0.0671875 0.1015625
1 0.63046875 0.36640625 0.0625 0.1140625
1 0.71953125 0.0859375 0.078125 0.128125
1 0.78984375 0.021875 0.0578125 0.04375
1 0.871875 0.17109375 0.0734375 0.10625
1 0.93359375 0.5359375 0.0828125 0.115625