1 0.946875 0.28515625 0.053125 0.071875
1 0.85859375 0.15546875 0.0390625 0.0515625
1 0.77109375 0.3125 0.0484375 0.065625
1 0.68046875 0.1046875 0.0375 0.0484375
1 0.63046875 0.1578125 0.046875 0.0671875
1 0.5015625 0.353125 0.0625 0.0921875
1 0.596875 0.0890625 0.04375 0.0609375
1 0.5328125 0.090625 0.040625 0.05625
1 0.4125 0.2515625 0.053125 0.0765625
1 0.43203125 0.1953125 0.040625 0.05625
2 0.63125 0.0875 0.028125 0.0328125
2 0.4578125 0.09140625 0.028125 0.04375
1 0.459375 0.03046875 0.0296875 0.0359375
1 0.38203125 0.115625 0.0375 0.0453125
2 0.4328125 0.01640625 0.03125 0.0328125
0 0.3578125 0.0546875 0.0296875 0.0484375
1 0.30859375 0.028125 0.0359375 0.0515625
1 0.28984375 0.02890625 0.0171875 0.034375
2 0.33125 0.0265625 0.025 0.0359375
2 0.17734375 0.0171875 0.0359375 0.034375
1 0.1 0.0453125 0.034375 0.0484375