1 0.4578125 0.425 0.04375 0.053125
1 0.21796875 0.50625 0.040625 0.0453125
2 0.12578125 0.52265625 0.04375 0.05
2 0.2796875 0.4640625 0.040625 0.0453125
2 0.33828125 0.42421875 0.0390625 0.0421875
2 0.5234375 0.4125 0.0375 0.053125
2 0.6265625 0.3953125 0.04375 0.05
2 0.54921875 0.38828125 0.0359375 0.0421875
0 0.7921875 0.37578125 0.046875 0.053125
0 0.709375 0.3828125 0.0375 0.053125
0 0.75546875 0.53515625 0.0375 0.05
0 0.3796875 0.43828125 0.04375 0.053125
1 0.92265625 0.40078125 0.0234375 0.03125
2 0.15625 0.48671875 0.025 0.028125