1 0.94765625 0.2640625 0.0484375 0.0703125
1 0.81015625 0.24375 0.040625 0.0609375
1 0.73046875 0.25078125 0.0359375 0.065625
1 0.5875 0.23828125 0.040625 0.065625
1 0.54296875 0.22890625 0.03125 0.0546875
1 0.5078125 0.22578125 0.03125 0.0609375
1 0.4734375 0.16953125 0.0328125 0.0390625
1 0.48515625 0.2796875 0.0390625 0.0609375
1 0.42109375 0.35234375 0.059375 0.0890625
2 0.32265625 0.21171875 0.046875 0.0734375
1 0.30546875 0.375 0.0625 0.1078125
1 0.1859375 0.1890625 0.0390625 0.0609375
1 0.19609375 0.35 0.053125 0.0703125
1 0.08203125 0.459375 0.0828125 0.1390625
2 0.13359375 0.42734375 0.0359375 0.0765625