1 0.384375 0.46171875 0.059375 0.121875
1 0.38515625 0.25546875 0.078125 0.071875
1 0.6421875 0.67578125 0.0625 0.15625
1 0.5765625 0.53046875 0.0421875 0.134375
1 0.69921875 0.26328125 0.0265625 0.05
0 0.26875 0.2359375 0.034375 0.053125
2 0.0875 0.22890625 0.0203125 0.0359375
2 0.5125 0.215625 0.0265625 0.0578125
2 0.7578125 0.20234375 0.021875 0.0578125
2 0.578125 0.396875 0.0390625 0.0625
1 0.89453125 0.346875 0.028125 0.040625
2 0.9359375 0.3765625 0.0390625 0.071875
2 0.9390625 0.49921875 0.0296875 0.103125
2 0.9671875 0.36796875 0.03125 0.053125