1 0.125 0.20078125 0.0640625 0.1
1 0.2 0.26875 0.0578125 0.09375
1 0.3828125 0.2734375 0.0734375 0.109375
1 0.43984375 0.26640625 0.05625 0.09375
1 0.44921875 0.50078125 0.0703125 0.1140625
1 0.5140625 0.26875 0.0390625 0.065625
1 0.5640625 0.265625 0.040625 0.0875
1 0.59375 0.28359375 0.05625 0.0984375
1 0.63984375 0.325 0.05 0.084375
1 0.67109375 0.36796875 0.05625 0.0984375
1 0.73125 0.4 0.071875 0.11875
1 0.80078125 0.29453125 0.046875 0.0796875
2 0.840625 0.30546875 0.05 0.0640625
1 0.9171875 0.290625 0.0578125 0.090625
1 0.96875 0.32265625 0.059375 0.1015625
1 0.4109375 0.2109375 0.046875 0.071875
1 0.34375 0.19765625 0.046875 0.0671875