1 0.23671875 0.24375 0.0546875 0.06875
1 0.353125 0.2609375 0.0546875 0.0734375
1 0.46328125 0.3046875 0.065625 0.08125
1 0.13984375 0.215625 0.03125 0.046875
1 0.3578125 0.196875 0.0375 0.0515625
1 0.2875 0.19453125 0.0265625 0.0390625
1 0.44140625 0.24453125 0.05625 0.0796875
1 0.88671875 0.34375 0.0546875 0.06875
1 0.73984375 0.275 0.0515625 0.06875
1 0.6359375 0.2703125 0.0515625 0.06875
2 0.79375 0.30625 0.0484375 0.0890625
1 0.93515625 0.2859375 0.034375 0.0546875
1 0.13359375 0.2671875 0.0265625 0.0609375