1 0.171875 0.15078125 0.0671875 0.1015625
1 0.925 0.228125 0.053125 0.0703125
1 0.37265625 0.1875 0.0515625 0.078125
1 0.30234375 0.28515625 0.0359375 0.0546875
0 0.075 0.275 0.0515625 0.08125
0 0.53828125 0.1984375 0.059375 0.103125
0 0.89453125 0.29921875 0.0625 0.096875
2 0.9828125 0.225 0.03125 0.075
2 0.81484375 0.31015625 0.059375 0.0890625
2 0.7796875 0.24609375 0.040625 0.0625
2 0.65078125 0.2515625 0.0484375 0.0625
2 0.41328125 0.2109375 0.0453125 0.065625
2 0.2953125 0.14296875 0.0515625 0.0703125