1 0.11640625 0.209375 0.065625 0.0953125
0 0.04375 0.3546875 0.0546875 0.0875
1 0.3203125 0.21640625 0.05625 0.0765625
1 0.26640625 0.31953125 0.0421875 0.0640625
1 0.8703125 0.16171875 0.0515625 0.0796875
0 0.853125 0.23359375 0.065625 0.1
0 0.48515625 0.19609375 0.0765625 0.1078125
2 0.77734375 0.25625 0.065625 0.0953125
2 0.93828125 0.14375 0.0484375 0.0703125
2 0.60546875 0.23046875 0.053125 0.0765625
2 0.3640625 0.23203125 0.0421875 0.0640625
2 0.2328125 0.184375 0.05625 0.071875
2 0.72734375 0.20078125 0.0421875 0.0671875