1 0.1984375 0.4234375 0.0875 0.1515625
2 0.38203125 0.603125 0.159375 0.3015625
1 0.10234375 0.31015625 0.06875 0.1234375
0 0.18828125 0.15234375 0.0515625 0.1046875
2 0.2328125 0.30859375 0.0609375 0.0921875
1 0.2984375 0.24140625 0.0578125 0.0828125
1 0.36640625 0.2265625 0.065625 0.0890625
1 0.440625 0.278125 0.0546875 0.0828125
1 0.48125 0.35234375 0.065625 0.109375
1 0.55546875 0.36875 0.0734375 0.0890625
2 0.4859375 0.16640625 0.040625 0.0734375
1 0.4078125 0.0875 0.025 0.040625
1 0.49453125 0.078125 0.028125 0.046875
1 0.6765625 0.46640625 0.103125 0.1609375
1 0.15078125 0.1765625 0.04375 0.0875
1 0.2875 0.16328125 0.05 0.06875
1 0.60546875 0.06171875 0.0171875 0.0328125
1 0.76875 0.91015625 0.08125 0.1765625
1 0.8359375 0.5609375 0.1 0.178125
1 0.8375 0.30859375 0.0734375 0.10625
1 0.82109375 0.44453125 0.04375 0.0953125
1 0.79609375 0.22578125 0.0484375 0.1046875
1 0.890625 0.196875 0.0375 0.06875