2 0.065625 0.4203125 0.1109375 0.15
2 0.14296875 0.065625 0.0796875 0.10625
1 0.20625 0.046875 0.06875 0.09375
1 0.37421875 0.034375 0.0703125 0.06875
2 0.28359375 0.0796875 0.084375 0.1171875
2 0.2953125 0.25 0.0546875 0.08125
2 0.22109375 0.43671875 0.1015625 0.1375
2 0.140625 0.5890625 0.121875 0.121875
1 0.1609375 0.83046875 0.159375 0.2375
2 0.3375 0.6359375 0.1609375 0.178125
2 0.3421875 0.353125 0.1078125 0.134375
2 0.39609375 0.1171875 0.0828125 0.084375
2 0.48671875 0.14453125 0.0765625 0.0984375
1 0.55234375 0.11640625 0.0859375 0.10625
1 0.50859375 0.3484375 0.10625 0.1390625
2 0.6015625 0.271875 0.0765625 0.1078125
2 0.68203125 0.13203125 0.0921875 0.1265625
2 0.7859375 0.14375 0.078125 0.0875
2 0.77421875 0.3015625 0.075 0.0984375
1 0.68828125 0.45078125 0.1203125 0.165625
2 0.609375 0.68046875 0.109375 0.1390625
1 0.709375 0.82578125 0.11875 0.1546875
1 0.825 0.54140625 0.1078125 0.15
2 0.9109375 0.1984375 0.071875 0.1015625
1 0.9453125 0.37578125 0.0859375 0.10625