1 0.1015625 0.55078125 0.0953125 0.1859375
1 0.0890625 0.23046875 0.0765625 0.15
1 0.1703125 0.08828125 0.0703125 0.1546875
1 0.225 0.48828125 0.0796875 0.175
1 0.17421875 0.37890625 0.065625 0.140625
1 0.325 0.5796875 0.0765625 0.203125
1 0.2359375 0.91328125 0.10625 0.1296875
1 0.39296875 0.890625 0.1265625 0.203125
1 0.4328125 0.353125 0.0859375 0.1796875
1 0.3640625 0.23046875 0.075 0.15
1 0.55546875 0.38359375 0.071875 0.15
1 0.55390625 0.7890625 0.096875 0.1671875
1 0.62109375 0.59609375 0.078125 0.184375
1 0.61953125 0.33515625 0.0796875 0.1703125
1 0.69453125 0.1421875 0.065625 0.140625
2 0.57109375 0.096875 0.05625 0.1
1 0.77265625 0.440625 0.0703125 0.15
1 0.790625 0.70546875 0.1078125 0.2109375
1 0.84375 0.68125 0.071875 0.159375
1 0.9609375 0.49921875 0.075 0.1953125
1 0.95078125 0.23984375 0.075 0.15625
1 0.97421875 0.09609375 0.0484375 0.0984375
1 0.859375 0.39296875 0.0796875 0.1453125
1 0.93828125 0.90859375 0.0671875 0.1796875