1 0.88671875 0.775 0.1921875 0.3296875
1 0.73046875 0.62890625 0.115625 0.196875
2 0.7078125 0.38984375 0.071875 0.1109375
1 0.5890625 0.5171875 0.0953125 0.1515625
2 0.53515625 0.35390625 0.04375 0.121875
1 0.459375 0.4171875 0.121875 0.21875
1 0.3640625 0.40859375 0.096875 0.1875
2 0.353125 0.12421875 0.0515625 0.0875
1 0.15703125 0.18515625 0.053125 0.078125
1 0.10625 0.15078125 0.0609375 0.1046875
1 0.275 0.2953125 0.053125 0.0875
1 0.225 0.39609375 0.0828125 0.146875
1 0.046875 0.40390625 0.0765625 0.1421875
1 0.21953125 0.88828125 0.146875 0.1765625
1 0.58671875 0.10390625 0.0375 0.059375
2 0.43046875 0.12734375 0.034375 0.0734375
2 0.25546875 0.028125 0.0359375 0.05