1 0.021875 0.57421875 0.028125 0.046875
1 0.115625 0.85390625 0.025 0.0375
1 0.075 0.5453125 0.0296875 0.046875
1 0.140625 0.546875 0.03125 0.05625
2 0.1359375 0.67421875 0.03125 0.0515625
2 0.19296875 0.75 0.025 0.046875
1 0.1203125 0.41875 0.0296875 0.046875
1 0.171875 0.42109375 0.0171875 0.0453125
2 0.1203125 0.31328125 0.0265625 0.0421875
1 0.05234375 0.20546875 0.021875 0.0421875
1 0.296875 0.71328125 0.0359375 0.0609375
1 0.38828125 0.91171875 0.0390625 0.0609375
1 0.31875 0.6453125 0.03125 0.05625
2 0.296875 0.50703125 0.025 0.0421875
1 0.26640625 0.44140625 0.025 0.046875
1 0.37265625 0.5046875 0.025 0.046875
1 0.4171875 0.709375 0.0359375 0.05625
1 0.46796875 0.81953125 0.034375 0.065625
1 0.43515625 0.81015625 0.0375 0.065625
1 0.53203125 0.91484375 0.021875 0.046875
1 0.51015625 0.65546875 0.034375 0.0609375
1 0.48671875 0.60703125 0.0375 0.0390625
1 0.44609375 0.459375 0.0328125 0.046875
1 0.34453125 0.39140625 0.0328125 0.046875
1 0.20390625 0.29453125 0.0265625 0.034375
2 0.18828125 0.25625 0.025 0.0421875
2 0.25078125 0.3 0.0296875 0.046875
2 0.2828125 0.26953125 0.025 0.0375
1 0.3546875 0.28984375 0.0265625 0.0421875
1 0.32578125 0.2265625 0.0296875 0.0421875
1 0.22734375 0.11015625 0.021875 0.0375
1 0.25859375 0.07578125 0.01875 0.0375
1 0.29921875 0.1859375 0.021875 0.0375
1 0.3734375 0.17109375 0.0234375 0.0328125
1 0.21953125 0.23671875 0.021875 0.0375
1 0.42265625 0.384375 0.0296875 0.0421875
1 0.4515625 0.32265625 0.028125 0.0515625
1 0.48984375 0.3640625 0.028125 0.046875
1 0.51484375 0.4796875 0.025 0.0421875
1 0.6765625 0.859375 0.0390625 0.0609375
1 0.73046875 0.94140625 0.0421875 0.0609375
1 0.63046875 0.55546875 0.0296875 0.0421875
1 0.6171875 0.38984375 0.0296875 0.0390625
1 0.54609375 0.37578125 0.028125 0.046875
1 0.56015625 0.33828125 0.025 0.0375
1 0.55859375 0.27109375 0.021875 0.0375
1 0.49375 0.203125 0.025 0.0375
1 0.271875 0.03984375 0.01875 0.0328125
2 0.3640625 0.06015625 0.015625 0.0328125
1 0.39296875 0.040625 0.025 0.0375
1 0.4671875 0.0765625 0.021875 0.0375
1 0.5046875 0.025 0.01875 0.0328125
1 0.60625 0.121875 0.021875 0.0375
2 0.625 0.09296875 0.0203125 0.028125
1 0.634375 0.2640625 0.0234375 0.0328125
1 0.68515625 0.36953125 0.025 0.0421875
1 0.74140625 0.584375 0.0359375 0.05625
1 0.71796875 0.4171875 0.028125 0.046875
1 0.74765625 0.4625 0.0296875 0.046875
1 0.75234375 0.38671875 0.028125 0.046875
1 0.7671875 0.5546875 0.028125 0.046875
1 0.65390625 0.0515625 0.01875 0.0328125
1 0.609375 0.0078125 0.021875 0.015625
1 0.67265625 0.00390625 0.0171875 0.0078125
1 0.71015625 0.0109375 0.0171875 0.021875
2 0.7171875 0.0484375 0.01875 0.0328125
2 0.6984375 0.13046875 0.01875 0.0328125
1 0.771875 0.17109375 0.025 0.0421875
1 0.8140625 0.071875 0.0203125 0.0328125
1 0.8578125 0.06171875 0.0203125 0.0328125
1 0.85390625 0.1359375 0.025 0.0375
1 0.85703125 0.21484375 0.0265625 0.0421875
1 0.828125 0.24921875 0.021875 0.0421875
1 0.88359375 0.26015625 0.025 0.0421875
1 0.91796875 0.19609375 0.015625 0.028125
1 0.9046875 0.32734375 0.0296875 0.046875
1 0.94609375 0.4 0.0296875 0.0421875
1 0.93984375 0.2515625 0.025 0.046875
1 0.803125 0.03515625 0.01875 0.028125
1 0.9953125 0.615625 0.00625 0.05625
1 0.98828125 0.525 0.0203125 0.053125
1 0.9375 0.45703125 0.0265625 0.0390625