1 0.10234375 0.20390625 0.05 0.0703125
1 0.21328125 0.09296875 0.0359375 0.05
1 0.26953125 0.26484375 0.046875 0.0625
1 0.39765625 0.078125 0.0359375 0.046875
1 0.4375 0.1390625 0.04375 0.065625
1 0.5265625 0.35546875 0.0578125 0.0890625
1 0.48359375 0.078125 0.040625 0.059375
1 0.54609375 0.0921875 0.0390625 0.0546875
1 0.63359375 0.27265625 0.05 0.0734375
1 0.625 0.2140625 0.0390625 0.0546875
2 0.45 0.0703125 0.0265625 0.03125
2 0.61953125 0.10625 0.025 0.0421875
1 0.6296875 0.046875 0.0265625 0.0359375
1 0.6890625 0.1453125 0.0359375 0.04375
2 0.66015625 0.0328125 0.028125 0.0390625
0 0.72421875 0.08984375 0.028125 0.046875
1 0.778125 0.0734375 0.0328125 0.05
1 0.796875 0.07734375 0.0140625 0.034375
2 0.75546875 0.0671875 0.021875 0.034375
2 0.909375 0.08359375 0.0328125 0.0390625
1 0.9796875 0.13046875 0.0328125 0.046875