1 0.09375 0.221875 0.0375 0.0625
1 0.18359375 0.23203125 0.04375 0.0734375
2 0.2375 0.1828125 0.0296875 0.0421875
2 0.27109375 0.14296875 0.0421875 0.0578125
2 0.36875 0.1859375 0.0484375 0.065625
1 0.515625 0.23515625 0.0578125 0.096875
0 0.55078125 0.18046875 0.025 0.0578125
2 0.61328125 0.18125 0.0453125 0.06875
0 0.675 0.1734375 0.0484375 0.06875
1 0.8390625 0.16171875 0.0625 0.103125
1 0.76796875 0.13671875 0.0296875 0.046875
1 0.7328125 0.2046875 0.0265625 0.0421875
2 0.07578125 0.1421875 0.0328125 0.053125