1 0.884375 0.5953125 0.1265625 0.18125
1 0.7671875 0.8390625 0.1390625 0.2078125
1 0.68671875 0.48828125 0.0734375 0.109375
1 0.76328125 0.4984375 0.05625 0.071875
1 0.70859375 0.3625 0.0546875 0.078125
1 0.59296875 0.384375 0.053125 0.096875
1 0.63359375 0.35390625 0.034375 0.0515625
1 0.52265625 0.50078125 0.0796875 0.125
1 0.3890625 0.3796875 0.078125 0.125
1 0.24140625 0.32265625 0.0578125 0.0984375
1 0.23125 0.57421875 0.103125 0.1453125
1 0.109375 0.85078125 0.1640625 0.2140625
1 0.12265625 0.34296875 0.0453125 0.075
1 0.05390625 0.4140625 0.053125 0.0703125
1 0.03828125 0.671875 0.0765625 0.225
1 0.321875 0.40234375 0.0484375 0.075
1 0.0609375 0.31328125 0.040625 0.0484375