1 0.1015625 0.18984375 0.059375 0.096875
1 0.1828125 0.25390625 0.0484375 0.0875
1 0.3203125 0.16796875 0.034375 0.0640625
1 0.3671875 0.24609375 0.0625 0.109375
1 0.3875 0.17265625 0.0390625 0.0640625
1 0.4234375 0.22578125 0.0453125 0.0875
1 0.45 0.46328125 0.0609375 0.096875
1 0.49453125 0.225 0.034375 0.0640625
1 0.546875 0.22109375 0.034375 0.0765625
1 0.5796875 0.23515625 0.0484375 0.090625
1 0.62734375 0.26953125 0.0421875 0.0734375
1 0.66484375 0.31171875 0.053125 0.090625
1 0.72265625 0.33359375 0.0609375 0.1015625
1 0.78203125 0.2265625 0.0453125 0.0828125
2 0.82578125 0.23203125 0.0421875 0.0609375
1 0.90234375 0.21328125 0.0484375 0.090625
1 0.95859375 0.24140625 0.0484375 0.0953125
1 0.85859375 0.23203125 0.0265625 0.0546875