1 0.0234375 0.46484375 0.046875 0.0828125
1 0.090625 0.4296875 0.0484375 0.0734375
1 0.19453125 0.43515625 0.0515625 0.0734375
1 0.28984375 0.4140625 0.0453125 0.065625
1 0.35078125 0.4375 0.05 0.084375
1 0.484375 0.46328125 0.0484375 0.0765625
1 0.5078125 0.425 0.03125 0.0875
1 0.615625 0.44296875 0.028125 0.05
1 0.7 0.3375 0.0578125 0.096875
1 0.87734375 0.371875 0.0640625 0.0921875
1 0.9921875 0.40390625 0.0125 0.0765625
1 0.9328125 0.3953125 0.0515625 0.08125
2 0.640625 0.45078125 0.0390625 0.0734375
2 0.4046875 0.4859375 0.0453125 0.0765625
2 0.2609375 0.45546875 0.0515625 0.084375