1 0.0765625 0.22578125 0.0546875 0.09375
1 0.1625 0.28203125 0.04375 0.084375
1 0.2921875 0.18515625 0.03125 0.0625
1 0.34609375 0.25859375 0.05625 0.1078125
1 0.359375 0.18359375 0.0359375 0.0625
1 0.4 0.23359375 0.040625 0.084375
1 0.446875 0.46796875 0.05625 0.09375
1 0.4703125 0.2265625 0.03125 0.0625
1 0.52265625 0.21796875 0.03125 0.075
1 0.55625 0.2296875 0.04375 0.0890625
1 0.60703125 0.259375 0.0390625 0.071875
1 0.6484375 0.2984375 0.0484375 0.0890625
1 0.70703125 0.31484375 0.05625 0.0984375
1 0.75703125 0.203125 0.040625 0.0796875
2 0.80078125 0.2046875 0.0390625 0.0578125
1 0.87578125 0.1796875 0.04375 0.0890625
1 0.93359375 0.20234375 0.04375 0.09375
1 0.83359375 0.2015625 0.0234375 0.053125