1 0.86796875 0.18984375 0.0609375 0.09375
0 0.9484375 0.33046875 0.0515625 0.084375
1 0.66484375 0.2078125 0.053125 0.075
1 0.72421875 0.30703125 0.0390625 0.0625
1 0.1125 0.18125 0.046875 0.078125
0 0.13359375 0.253125 0.0609375 0.096875
0 0.4984375 0.19609375 0.071875 0.1046875
2 0.2109375 0.27109375 0.0609375 0.09375
2 0.04296875 0.1671875 0.046875 0.065625
2 0.38046875 0.23671875 0.05 0.0734375
2 0.621875 0.225 0.0390625 0.0625
2 0.75 0.1703125 0.0515625 0.0703125
2 0.25703125 0.2125 0.0390625 0.065625