2 0.17421875 0.94296875 0.0515625 0.0703125
2 0.0484375 0.721875 0.046875 0.06875
2 0.16953125 0.7171875 0.04375 0.06875
2 0.05234375 0.61875 0.040625 0.0609375
2 0.16875 0.565625 0.0484375 0.0703125
2 0.0515625 0.48125 0.04375 0.0640625
2 0.1578125 0.47265625 0.0390625 0.04375
2 0.19140625 0.415625 0.0375 0.053125
2 0.04453125 0.334375 0.0375 0.05625
2 0.07109375 0.2828125 0.03125 0.0390625
2 0.18671875 0.28828125 0.040625 0.0609375
2 0.07890625 0.15625 0.034375 0.0515625
2 0.17109375 0.16328125 0.040625 0.0609375
2 0.18203125 0.09453125 0.0375 0.0484375
2 0.3546875 0.1359375 0.021875 0.0421875
1 0.4296875 0.11328125 0.025 0.046875
1 0.47421875 0.09453125 0.0265625 0.0421875
2 0.41484375 0.14765625 0.034375 0.046875
2 0.425 0.20390625 0.03125 0.046875
1 0.41484375 0.30546875 0.03125 0.04375
2 0.45703125 0.353125 0.025 0.046875
2 0.44140625 0.40546875 0.028125 0.0515625
2 0.45390625 0.4921875 0.034375 0.05625
2 0.43984375 0.58671875 0.04375 0.0609375
2 0.4828125 0.6578125 0.0375 0.0484375
2 0.51015625 0.8375 0.0390625 0.04375
2 0.5359375 0.92734375 0.05 0.0734375
2 0.503125 0.9140625 0.01875 0.0453125
1 0.51484375 0.4390625 0.0375 0.053125
2 0.55 0.478125 0.040625 0.0640625
2 0.5484375 0.384375 0.040625 0.05625
2 0.5203125 0.38046875 0.0296875 0.0515625
2 0.49296875 0.20546875 0.0203125 0.0390625
2 0.51640625 0.22578125 0.034375 0.0515625
2 0.53828125 0.1015625 0.0296875 0.046875
2 0.5609375 0.24140625 0.034375 0.0515625
2 0.60703125 0.2265625 0.028125 0.0390625
2 0.61953125 0.33359375 0.0375 0.053125
2 0.61640625 0.51015625 0.034375 0.04375
2 0.578125 0.6625 0.0328125 0.059375
2 0.6203125 0.70703125 0.040625 0.0609375
2 0.66328125 0.6984375 0.0390625 0.059375
2 0.6515625 0.53125 0.040625 0.0609375
2 0.6828125 0.92265625 0.0359375 0.059375
2 0.57890625 0.140625 0.03125 0.04375
2 0.615625 0.10859375 0.021875 0.0421875
2 0.6 0.05625 0.0265625 0.034375
2 0.6703125 0.07578125 0.0265625 0.0390625
2 0.64765625 0.11171875 0.028125 0.03125
2 0.68203125 0.15234375 0.0328125 0.0390625
2 0.6796875 0.253125 0.0390625 0.04375
2 0.7015625 0.228125 0.0171875 0.0453125
2 0.68359375 0.35078125 0.0375 0.04375
2 0.71953125 0.3953125 0.0375 0.05625
2 0.74453125 0.40078125 0.021875 0.0453125
2 0.74296875 0.503125 0.0375 0.05625
2 0.75 0.6421875 0.0421875 0.0484375
2 0.79765625 0.77265625 0.040625 0.05625
2 0.82109375 0.84140625 0.0265625 0.034375
2 0.846875 0.93203125 0.040625 0.05625
2 0.715625 0.075 0.0203125 0.03125