1 0.95390625 0.2796875 0.0640625 0.1
1 0.86171875 0.325 0.053125 0.0890625
1 0.74453125 0.2125 0.0375 0.065625
1 0.6828125 0.2796875 0.06875 0.1125
1 0.678125 0.203125 0.04375 0.065625
1 0.63203125 0.24765625 0.0515625 0.0890625
1 0.55625 0.475 0.0671875 0.1
1 0.56328125 0.23203125 0.0375 0.065625
1 0.51171875 0.21796875 0.0390625 0.078125
1 0.47734375 0.225 0.0546875 0.09375
1 0.4234375 0.24765625 0.046875 0.075
1 0.37734375 0.28125 0.059375 0.09375
1 0.3171875 0.29140625 0.0671875 0.1046875
1 0.28046875 0.17421875 0.05 0.084375
2 0.23671875 0.1703125 0.0453125 0.0625
1 0.16640625 0.1359375 0.0546875 0.09375
1 0.10546875 0.1515625 0.0546875 0.0984375
1 0.2046875 0.16328125 0.0296875 0.05625