2 0.98125 0.6609375 0.028125 0.0625
1 0.92890625 0.67734375 0.05 0.075
1 0.8484375 0.65546875 0.021875 0.046875
1 0.76875 0.721875 0.046875 0.0640625
2 0.68203125 0.54375 0.0296875 0.0484375
1 0.65625 0.56328125 0.040625 0.053125
0 0.615625 0.58203125 0.034375 0.040625
2 0.65 0.64609375 0.0390625 0.05625
1 0.7015625 0.675 0.04375 0.053125
1 0.60625 0.6625 0.0453125 0.0640625
1 0.56015625 0.6171875 0.0421875 0.0671875
1 0.4640625 0.596875 0.034375 0.0484375
1 0.521875 0.696875 0.046875 0.0671875
1 0.50703125 0.7734375 0.0515625 0.0796875
1 0.41171875 0.5921875 0.0453125 0.0640625
2 0.48359375 0.96328125 0.0578125 0.0703125
1 0.43203125 0.49140625 0.03125 0.040625
1 0.4828125 0.44921875 0.028125 0.04375
1 0.384375 0.503125 0.0296875 0.04375
1 0.26328125 0.43984375 0.0296875 0.040625
1 0.20703125 0.45859375 0.0203125 0.03125
1 0.0984375 0.54921875 0.0296875 0.0359375