1 0.94296875 0.315625 0.0609375 0.0984375
1 0.85234375 0.3609375 0.05625 0.09375
1 0.67578125 0.31484375 0.0703125 0.1078125
1 0.62265625 0.2921875 0.053125 0.0921875
1 0.5484375 0.51484375 0.0671875 0.1125
1 0.55078125 0.27421875 0.0375 0.065625
1 0.503125 0.25703125 0.0375 0.0875
1 0.46953125 0.26640625 0.053125 0.096875
1 0.41328125 0.29375 0.046875 0.084375
1 0.371875 0.32578125 0.053125 0.096875
1 0.30546875 0.33984375 0.0671875 0.1171875
1 0.26796875 0.21953125 0.04375 0.078125
2 0.22578125 0.21953125 0.0484375 0.0625
1 0.15625 0.18359375 0.0546875 0.0890625
1 0.09609375 0.1984375 0.0609375 0.0984375
1 0.665625 0.24609375 0.0453125 0.0703125
1 0.73359375 0.25234375 0.0453125 0.065625