1 0.925 0.25078125 0.0359375 0.0609375
1 0.834375 0.2546875 0.040625 0.071875
2 0.784375 0.2015625 0.028125 0.0421875
2 0.75390625 0.16015625 0.040625 0.05625
2 0.653125 0.1953125 0.046875 0.0640625
1 0.503125 0.234375 0.0546875 0.0953125
0 0.471875 0.17734375 0.0234375 0.05625
2 0.409375 0.17421875 0.04375 0.0671875
0 0.3484375 0.1625 0.046875 0.0671875
1 0.18515625 0.1390625 0.059375 0.1015625
1 0.2578125 0.11953125 0.028125 0.0453125
1 0.28828125 0.1890625 0.025 0.0421875
2 0.94765625 0.17265625 0.03125 0.053125