2 0.8859375 0.01015625 0.06875 0.0203125
1 0.9265625 0.28515625 0.0671875 0.1
1 0.72265625 0.2296875 0.0703125 0.0875
1 0.65703125 0.04453125 0.0765625 0.0890625
2 0.93125 0.409375 0.0609375 0.0921875
1 0.93984375 0.72265625 0.0859375 0.125
0 0.88359375 0.66015625 0.06875 0.1171875
1 0.74765625 0.4515625 0.0671875 0.1
1 0.4578125 0.1375 0.071875 0.084375
1 0.48359375 0.26640625 0.0796875 0.1015625
1 0.4875 0.42109375 0.075 0.1
1 0.6921875 0.89921875 0.084375 0.11875
1 0.51328125 0.74765625 0.084375 0.1015625
1 0.4703125 0.82890625 0.0890625 0.11875
1 0.3390625 0.50625 0.065625 0.09375
1 0.2875 0.2890625 0.075 0.0984375
1 0.19375 0.29765625 0.0734375 0.1078125
1 0.090625 0.1328125 0.0546875 0.0796875
1 0.04609375 0.40078125 0.078125 0.0921875
1 0.05703125 0.7 0.0734375 0.0953125