2 0.11953125 0.190625 0.0734375 0.1140625
2 0.31875 0.059375 0.0328125 0.0671875
2 0.46953125 0.071875 0.0390625 0.0734375
1 0.51328125 0.11171875 0.0578125 0.1140625
2 0.3671875 0.19921875 0.065625 0.0953125
1 0.353125 0.35703125 0.084375 0.15
2 0.19140625 0.3796875 0.065625 0.075
0 0.1375 0.8171875 0.0734375 0.1234375
0 0.30703125 0.4859375 0.0828125 0.1546875
0 0.471875 0.4375 0.1203125 0.2015625
2 0.61171875 0.21171875 0.046875 0.08125
1 0.65703125 0.24453125 0.071875 0.128125
1 0.85 0.2453125 0.1046875 0.178125
1 0.72421875 0.68125 0.128125 0.228125