1 0.98359375 0.13125 0.03125 0.0484375
1 0.9109375 0.10546875 0.0296875 0.040625
1 0.74609375 0.11484375 0.0328125 0.059375
1 0.6359375 0.04453125 0.0328125 0.0484375
1 0.97109375 0.265625 0.0390625 0.05625
1 0.896875 0.22109375 0.0390625 0.05
1 0.765625 0.19453125 0.0359375 0.05625
1 0.73359375 0.25859375 0.0359375 0.0484375
1 0.7828125 0.34453125 0.0390625 0.05
1 0.94609375 0.353125 0.04375 0.0578125
1 0.978125 0.428125 0.040625 0.0625
1 0.90390625 0.46796875 0.040625 0.05
1 0.89609375 0.53828125 0.0375 0.0640625
1 0.83046875 0.56171875 0.040625 0.0609375
1 0.8109375 0.6421875 0.053125 0.06875
1 0.8296875 0.846875 0.053125 0.065625
1 0.7875 0.9640625 0.05625 0.06875
1 0.69375 0.9015625 0.053125 0.0625
1 0.67109375 0.52578125 0.046875 0.0578125
1 0.6703125 0.38046875 0.0359375 0.0515625
1 0.57734375 0.83203125 0.0546875 0.0765625
1 0.54921875 0.56953125 0.046875 0.071875
1 0.55390625 0.103125 0.03125 0.0375
1 0.52265625 0.15703125 0.0359375 0.0484375
1 0.465625 0.10390625 0.0328125 0.0484375
1 0.4796875 0.196875 0.0359375 0.0484375
1 0.3859375 0.171875 0.0390625 0.05
1 0.403125 0.234375 0.04375 0.0640625
1 0.4171875 0.38984375 0.0421875 0.0609375
1 0.4515625 0.48515625 0.04375 0.0671875
1 0.2453125 0.759375 0.0515625 0.0765625
1 0.24921875 0.33984375 0.04375 0.0671875
1 0.19765625 0.5046875 0.0453125 0.0640625
1 0.27890625 0.015625 0.0359375 0.03125
1 0.25546875 0.00625 0.0296875 0.0125
2 0.13984375 0.0171875 0.0328125 0.034375
1 0.21796875 0.07265625 0.0375 0.0421875
1 0.06875 0.28828125 0.0421875 0.046875
1 0.10703125 0.43671875 0.0421875 0.0609375
1 0.05703125 0.625 0.040625 0.0640625
1 0.02421875 0.67265625 0.0484375 0.0609375