1 0.16640625 0.153125 0.0578125 0.0921875
0 0.071875 0.28515625 0.0484375 0.0828125
1 0.3671875 0.1921875 0.05 0.0734375
1 0.296875 0.28515625 0.0375 0.0609375
1 0.91875 0.2234375 0.0453125 0.0765625
0 0.890625 0.2921875 0.0578125 0.0953125
0 0.53359375 0.19765625 0.06875 0.103125
2 0.81171875 0.303125 0.0578125 0.0921875
2 0.9828125 0.2171875 0.03125 0.06875
2 0.64609375 0.25 0.0484375 0.071875
2 0.4078125 0.2140625 0.0375 0.0609375
2 0.2859375 0.14609375 0.05 0.06875
2 0.771875 0.23984375 0.0375 0.0640625