1 0.05390625 0.24921875 0.053125 0.0984375
1 0.1171875 0.23203125 0.0640625 0.0984375
1 0.2875 0.1390625 0.0484375 0.09375
1 0.24296875 0.33203125 0.0484375 0.10625
1 0.321875 0.29296875 0.053125 0.103125
1 0.403125 0.30625 0.0609375 0.10625
1 0.45546875 0.2296875 0.0609375 0.09375
1 0.51875 0.28359375 0.0609375 0.103125
1 0.57890625 0.2515625 0.0640625 0.10625
1 0.7 0.284375 0.053125 0.090625
1 0.753125 0.29375 0.0453125 0.10625
1 0.84609375 0.2609375 0.06875 0.1140625
1 0.95078125 0.25234375 0.0640625 0.10625
1 0.35234375 0.19140625 0.0546875 0.090625
1 0.9890625 0.40078125 0.01875 0.0859375