2 0.89921875 0.34765625 0.08125 0.140625
2 0.82109375 0.4625 0.075 0.1109375
2 0.79453125 0.634375 0.0828125 0.1453125
2 0.778125 0.30390625 0.0765625 0.140625
2 0.6578125 0.5671875 0.09375 0.1703125
1 0.54453125 0.58515625 0.1125 0.2046875
2 0.484375 0.3015625 0.0703125 0.1390625
2 0.37421875 0.65 0.1015625 0.165625
2 0.38125 0.48046875 0.08125 0.140625
1 0.103125 0.59296875 0.1015625 0.19375
2 0.0609375 0.3 0.06875 0.125
2 0.3515625 0.13125 0.0671875 0.1109375
2 0.16015625 0.15859375 0.0515625 0.0859375
2 0.54453125 0.28046875 0.065625 0.1015625