2 0.046875 0.17265625 0.040625 0.0625
2 0.0953125 0.1484375 0.053125 0.0734375
2 0.15859375 0.1453125 0.0375 0.05625
2 0.15859375 0.20234375 0.0296875 0.075
2 0.071875 0.35234375 0.0375 0.0625
1 0.0921875 0.47578125 0.065625 0.1015625
0 0.1359375 0.590625 0.06875 0.1078125
2 0.24453125 0.93125 0.0921875 0.096875
2 0.3234375 0.028125 0.034375 0.053125
2 0.32578125 0.1453125 0.0453125 0.0734375
2 0.37265625 0.190625 0.0390625 0.0765625
2 0.4046875 0.20703125 0.0359375 0.075
2 0.27265625 0.35625 0.0484375 0.0703125
1 0.32890625 0.5203125 0.0546875 0.09375
1 0.41171875 0.521875 0.05 0.090625
2 0.521875 0.20546875 0.0375 0.059375
2 0.55703125 0.2109375 0.0328125 0.0625
1 0.60625 0.2671875 0.0375 0.0984375
2 0.7046875 0.14453125 0.053125 0.09375
2 0.78359375 0.18203125 0.040625 0.065625
1 0.9125 0.1890625 0.059375 0.09375
1 0.88515625 0.34296875 0.059375 0.1171875
2 0.325 0.0328125 0.0390625 0.0421875