1 0.1125 0.25703125 0.0640625 0.1078125
1 0.1859375 0.328125 0.0578125 0.09375
1 0.37265625 0.3296875 0.0703125 0.1171875
1 0.4296875 0.3125 0.053125 0.084375
1 0.44375 0.553125 0.065625 0.1046875
1 0.55078125 0.31640625 0.040625 0.0828125
1 0.584375 0.33203125 0.0578125 0.0984375
1 0.6296875 0.37265625 0.053125 0.084375
1 0.66171875 0.41328125 0.0546875 0.09375
1 0.72109375 0.44375 0.071875 0.1140625
1 0.78984375 0.3390625 0.0453125 0.0796875
2 0.83125 0.34453125 0.046875 0.0703125
1 0.9078125 0.33515625 0.0546875 0.09375
1 0.9609375 0.36484375 0.0625 0.103125
1 0.33046875 0.25234375 0.0453125 0.0796875
1 0.5 0.3203125 0.04375 0.0703125
1 0.3984375 0.26171875 0.046875 0.0703125
1 0.8625 0.346875 0.0328125 0.05625