1 0.896875 0.240625 0.0453125 0.075
1 0.778125 0.24375 0.05625 0.0796875
1 0.684375 0.25546875 0.0453125 0.059375
1 0.6015625 0.13125 0.065625 0.1015625
1 0.54296875 0.171875 0.0375 0.0515625
1 0.46796875 0.175 0.05625 0.0796875
1 0.38203125 0.35859375 0.0515625 0.078125
1 0.34609375 0.13828125 0.05625 0.0796875
1 0.2578125 0.18828125 0.0546875 0.08125
1 0.1890625 0.2015625 0.0375 0.059375
1 0.14609375 0.19921875 0.046875 0.0625
1 0.12734375 0.14765625 0.028125 0.04375
1 0.059375 0.1171875 0.05625 0.0859375