2 0.14140625 0.26796875 0.0765625 0.1390625
2 0.19375 0.39609375 0.071875 0.109375
2 0.184375 0.5703125 0.0796875 0.14375
2 0.26875 0.25 0.071875 0.1390625
2 0.33125 0.5328125 0.0890625 0.1671875
1 0.43828125 0.57421875 0.10625 0.203125
2 0.55703125 0.30859375 0.065625 0.1375
2 0.59140625 0.67265625 0.096875 0.1640625
2 0.6203125 0.50546875 0.0765625 0.1390625
1 0.86875 0.6734375 0.0953125 0.1921875
2 0.96875 0.3953125 0.059375 0.125
2 0.721875 0.1703125 0.0640625 0.109375
2 0.903125 0.23671875 0.0484375 0.084375
2 0.50234375 0.27578125 0.0625 0.1