2 0.0765625 0.85078125 0.0546875 0.071875
2 0.01640625 0.60625 0.0328125 0.071875
2 0.1265625 0.63046875 0.046875 0.0703125
2 0.03671875 0.50703125 0.0421875 0.0609375
2 0.16328125 0.48359375 0.0515625 0.0703125
2 0.06953125 0.3734375 0.0453125 0.065625
2 0.17421875 0.390625 0.040625 0.0453125
2 0.2203125 0.34296875 0.0390625 0.053125
2 0.09765625 0.22890625 0.040625 0.0578125
2 0.13671875 0.18515625 0.0328125 0.040625
2 0.246875 0.21875 0.0421875 0.0609375
2 0.175 0.06484375 0.0359375 0.053125
2 0.26171875 0.09375 0.0421875 0.0609375
2 0.28984375 0.0296875 0.0390625 0.0484375
2 0.44765625 0.11171875 0.0234375 0.0421875
1 0.525 0.1078125 0.0265625 0.046875
1 0.57265625 0.1 0.028125 0.04375
2 0.503125 0.1375 0.0359375 0.0484375
2 0.4984375 0.19453125 0.0328125 0.0484375
1 0.46484375 0.290625 0.0328125 0.04375
2 0.49375 0.346875 0.0265625 0.046875
2 0.465625 0.39453125 0.0296875 0.0515625
2 0.45703125 0.48125 0.0375 0.05625
2 0.42109375 0.56953125 0.0453125 0.0609375
2 0.4453125 0.64921875 0.0390625 0.0484375
2 0.428125 0.8296875 0.040625 0.0453125
2 0.43203125 0.9234375 0.0515625 0.075
2 0.403125 0.903125 0.0203125 0.046875
1 0.52890625 0.44375 0.0390625 0.053125
2 0.55390625 0.49140625 0.04375 0.065625
2 0.575 0.39921875 0.0421875 0.0578125
2 0.5484375 0.3890625 0.03125 0.0515625
2 0.5640625 0.2125 0.021875 0.0390625
2 0.5828125 0.2375 0.0359375 0.053125
2 0.63359375 0.12265625 0.03125 0.046875
2 0.621875 0.2640625 0.0359375 0.053125
2 0.6703125 0.26015625 0.0296875 0.0390625
2 0.65625 0.3671875 0.0390625 0.053125
2 0.6109375 0.53828125 0.034375 0.04375
2 0.53671875 0.6765625 0.034375 0.0609375
2 0.56640625 0.73046875 0.0421875 0.0609375
2 0.61015625 0.73203125 0.040625 0.0609375
2 0.63984375 0.5671875 0.0421875 0.0609375
2 0.575 0.95390625 0.0375 0.0609375
2 0.6640625 0.1703125 0.0328125 0.04375
2 0.70703125 0.1484375 0.0234375 0.0421875
2 0.7046875 0.09375 0.0265625 0.0359375
2 0.76796875 0.1296875 0.028125 0.0390625
2 0.7375 0.15859375 0.028125 0.0328125
2 0.76015625 0.20703125 0.034375 0.040625
2 0.734375 0.30390625 0.040625 0.0453125
2 0.76171875 0.28515625 0.01875 0.0453125
2 0.7140625 0.4 0.0375 0.0453125
2 0.73828125 0.4515625 0.040625 0.0578125
2 0.76171875 0.4625 0.0234375 0.046875
2 0.73515625 0.5625 0.040625 0.0578125
2 0.7078125 0.6984375 0.04375 0.05
2 0.72265625 0.83671875 0.0421875 0.0578125
2 0.72890625 0.909375 0.0265625 0.0359375
2 0.7328125 0.9859375 0.04375 0.025
2 0.81171875 0.13984375 0.0203125 0.03125