1 0.94140625 0.24140625 0.0546875 0.0984375
1 0.878125 0.225 0.065625 0.0984375
1 0.70625 0.1359375 0.05 0.09375
1 0.75390625 0.328125 0.05 0.10625
1 0.67421875 0.28984375 0.0546875 0.103125
1 0.59375 0.30390625 0.0625 0.1078125
1 0.53984375 0.22890625 0.0625 0.0953125
1 0.47734375 0.28359375 0.0625 0.103125
1 0.41640625 0.253125 0.065625 0.1078125
1 0.29609375 0.2875 0.0546875 0.090625
1 0.24296875 0.2984375 0.046875 0.10625
1 0.15 0.2671875 0.0703125 0.115625
1 0.04453125 0.26015625 0.065625 0.1078125
1 0.6421875 0.1890625 0.05625 0.090625
1 0.01015625 0.409375 0.0203125 0.0875