1 0.80859375 0.4609375 0.084375 0.15
2 0.60390625 0.61640625 0.1546875 0.2984375
1 0.91796875 0.36015625 0.065625 0.121875
0 0.8515625 0.19296875 0.05 0.103125
2 0.78828125 0.3421875 0.059375 0.090625
1 0.73125 0.26796875 0.05625 0.0828125
1 0.665625 0.2453125 0.0640625 0.0875
1 0.5859375 0.28671875 0.0546875 0.0828125
1 0.53671875 0.35546875 0.0640625 0.109375
1 0.4609375 0.3625 0.071875 0.0875
2 0.5546875 0.1703125 0.0390625 0.0734375
1 0.6421875 0.10234375 0.025 0.040625
1 0.55703125 0.08203125 0.0265625 0.0453125
1 0.32890625 0.44453125 0.1 0.159375
1 0.8859375 0.22109375 0.0421875 0.0859375
1 0.7515625 0.19140625 0.0484375 0.06875
1 0.4484375 0.05234375 0.0171875 0.03125
1 0.18359375 0.88203125 0.0765625 0.1890625
1 0.159375 0.51953125 0.096875 0.1765625
1 0.18828125 0.26875 0.071875 0.1046875
1 0.18828125 0.40625 0.0421875 0.0953125
1 0.2390625 0.19140625 0.046875 0.103125
1 0.14921875 0.1515625 0.0359375 0.06875