1 0.0421875 0.26796875 0.021875 0.0296875
1 0.1421875 0.3109375 0.025 0.034375
1 0.04921875 0.3703125 0.0484375 0.071875
1 0.09453125 0.46875 0.040625 0.0703125
1 0.22109375 0.38984375 0.06875 0.1046875
1 0.25546875 0.3234375 0.03125 0.05625
1 0.2890625 0.3 0.0265625 0.0421875
1 0.3515625 0.32734375 0.0171875 0.028125
1 0.3203125 0.3578125 0.0234375 0.0390625
1 0.328125 0.440625 0.046875 0.0765625
1 0.365625 0.4109375 0.0296875 0.05625
1 0.40859375 0.43203125 0.0734375 0.10625
1 0.43125 0.61640625 0.0875 0.1421875
0 0.465625 0.371875 0.015625 0.0234375
1 0.59921875 0.4859375 0.0359375 0.0703125
1 0.65625 0.43046875 0.028125 0.046875
1 0.68515625 0.53046875 0.046875 0.0765625
1 0.8171875 0.7046875 0.2109375 0.3296875
1 0.89140625 0.8125 0.08125 0.1375