1 0.90625 0.4109375 0.0625 0.134375
1 0.70625 0.4078125 0.053125 0.10625
1 0.66484375 0.47421875 0.0734375 0.1046875
1 0.584375 0.353125 0.0546875 0.0984375
2 0.53828125 0.38046875 0.06875 0.1140625
1 0.49375 0.50078125 0.0984375 0.1640625
2 0.471875 0.3015625 0.05625 0.090625
2 0.390625 0.2953125 0.0640625 0.1078125
2 0.278125 0.36953125 0.059375 0.0984375
1 0.325 0.48203125 0.0609375 0.103125
1 0.2515625 0.471875 0.065625 0.1265625
1 0.09375 0.4109375 0.0578125 0.09375
0 0.2109375 0.52265625 0.0828125 0.128125
2 0.0359375 0.45390625 0.071875 0.1109375
2 0.79453125 0.31484375 0.0375 0.0609375
2 0.165625 0.3828125 0.0375 0.065625
1 0.05 0.38203125 0.034375 0.05625