1 0.1171875 0.98125 0.0875 0.034375
1 0.1796875 0.9046875 0.090625 0.1421875
0 0.21015625 0.8125 0.0734375 0.1265625
2 0.09375 0.53984375 0.0640625 0.1
1 0.26484375 0.53515625 0.0671875 0.1171875
1 0.2171875 0.26015625 0.071875 0.1015625
1 0.06015625 0.38984375 0.0609375 0.1125
1 0.00859375 0.35625 0.0171875 0.09375
1 0.62265625 0.8859375 0.0921875 0.1375
1 0.56484375 0.79921875 0.0796875 0.10625
1 0.48359375 0.41328125 0.0765625 0.1140625
1 0.4375 0.225 0.0765625 0.1015625
1 0.41796875 0.071875 0.06875 0.0828125
1 0.6140625 0.196875 0.071875 0.11875
1 0.6359375 0.4625 0.0703125 0.109375
1 0.7 0.18203125 0.078125 0.1234375
1 0.76015625 0.09140625 0.0703125 0.096875
1 0.86015625 0.25703125 0.0828125 0.1109375
1 0.95546875 0.609375 0.0796875 0.1109375