1 0.91328125 0.09140625 0.08125 0.1390625
1 0.796875 0.121875 0.09375 0.14375
1 0.80234375 0.38671875 0.1 0.1578125
1 0.91640625 0.71796875 0.0890625 0.14375
1 0.68125 0.44453125 0.0984375 0.1703125
1 0.73046875 0.7921875 0.0875 0.1265625
1 0.49375 0.6140625 0.103125 0.184375
1 0.50546875 0.90078125 0.09375 0.1703125
1 0.4078125 0.575 0.090625 0.153125
1 0.29140625 0.7953125 0.090625 0.1703125
1 0.13984375 0.3484375 0.0921875 0.1625
1 0.0203125 0.22265625 0.040625 0.1265625
1 0.03515625 0.46328125 0.0703125 0.1578125
1 0.17578125 0.65078125 0.090625 0.165625
1 0.07578125 0.74609375 0.10625 0.171875
1 0.22421875 0.9328125 0.1015625 0.13125