1 0.16796875 0.01640625 0.0171875 0.0234375
1 0.115625 0.1625 0.0234375 0.03125
2 0.15859375 0.25703125 0.025 0.0375
1 0.14140625 0.33671875 0.03125 0.0421875
1 0.18828125 0.3484375 0.0203125 0.040625
1 0.01875 0.43828125 0.028125 0.0421875
1 0.075 0.425 0.028125 0.034375
1 0.13359375 0.440625 0.0328125 0.0421875
2 0.10625 0.5359375 0.03125 0.0421875
1 0.05703125 0.66484375 0.0296875 0.034375
2 0.1484375 0.60078125 0.0265625 0.0421875
1 0.40390625 0.01015625 0.0203125 0.0203125
1 0.390625 0.04453125 0.025 0.034375
1 0.35078125 0.0765625 0.0171875 0.0265625
1 0.334375 0.103125 0.0171875 0.0296875
1 0.29609375 0.128125 0.0234375 0.03125
1 0.26796875 0.21640625 0.01875 0.0234375
2 0.23359375 0.22421875 0.01875 0.0234375
1 0.24140625 0.25859375 0.01875 0.0265625
2 0.284375 0.26796875 0.0234375 0.03125
1 0.271875 0.38046875 0.0234375 0.034375
2 0.2890625 0.43125 0.0203125 0.0296875
0 0.284375 0.5421875 0.03125 0.0453125
1 0.2515625 0.590625 0.0328125 0.0453125
1 0.3 0.7609375 0.0375 0.053125
1 0.20546875 0.9234375 0.0421875 0.05625
1 0.49453125 0.0140625 0.0109375 0.01875
1 0.45625 0.05 0.0171875 0.0265625
1 0.4296875 0.06015625 0.01875 0.0234375
2 0.43515625 0.11015625 0.0140625 0.0265625
1 0.4640625 0.1015625 0.0234375 0.034375
1 0.35 0.19296875 0.01875 0.0265625
1 0.421875 0.196875 0.0203125 0.0296875
2 0.36875 0.2265625 0.0234375 0.034375
2 0.31953125 0.253125 0.0203125 0.0296875
1 0.38515625 0.28203125 0.025 0.034375
1 0.353125 0.35546875 0.025 0.0265625
1 0.46796875 0.32265625 0.0234375 0.034375
1 0.43203125 0.3640625 0.028125 0.03125
1 0.35859375 0.44765625 0.0234375 0.0375
1 0.4375 0.4265625 0.025 0.0375
1 0.36484375 0.6109375 0.028125 0.0453125
1 0.36328125 0.68671875 0.028125 0.0453125
1 0.390625 0.7015625 0.03125 0.0484375
1 0.3734375 0.92734375 0.0421875 0.05625
1 0.4359375 0.78671875 0.0203125 0.0375
1 0.4609375 0.58515625 0.03125 0.0421875
1 0.45 0.54296875 0.0296875 0.03125
1 0.5140625 0.0671875 0.0140625 0.0234375
1 0.584375 0.0375 0.0140625 0.0234375
1 0.5453125 0.0796875 0.0140625 0.0125
1 0.5734375 0.1109375 0.01875 0.0265625
1 0.61015625 0.07109375 0.0171875 0.0265625
1 0.52734375 0.14140625 0.0203125 0.0296875
1 0.55859375 0.20390625 0.0109375 0.01875
1 0.52890625 0.240625 0.025 0.0265625
1 0.57734375 0.3046875 0.0234375 0.03125
1 0.496875 0.3625 0.0234375 0.0375
1 0.56796875 0.3546875 0.0234375 0.03125
1 0.546875 0.3796875 0.0265625 0.0421875
1 0.49921875 0.4546875 0.0234375 0.034375
1 0.66953125 0.02265625 0.015625 0.01875
1 0.675 0.10234375 0.0171875 0.0265625
1 0.703125 0.084375 0.0140625 0.0234375
1 0.72734375 0.1046875 0.0125 0.0234375
1 0.7375 0.1109375 0.0171875 0.0265625
2 0.7078125 0.153125 0.0140625 0.0234375
1 0.76875 0.1296875 0.0171875 0.0296875
2 0.76796875 0.1640625 0.0171875 0.0265625
1 0.73359375 0.22265625 0.01875 0.0265625
2 0.671875 0.1828125 0.01875 0.0234375
0 0.64921875 0.1984375 0.0234375 0.03125
1 0.65234375 0.309375 0.021875 0.0265625
1 0.6125 0.403125 0.025 0.034375
1 0.6796875 0.40078125 0.0234375 0.03125
1 0.59375 0.53203125 0.0296875 0.034375
1 0.58046875 0.76875 0.0375 0.05
1 0.51484375 0.8734375 0.0390625 0.053125
1 0.6171875 0.840625 0.0375 0.05
1 0.8078125 0.0359375 0.01875 0.0234375
1 0.85625 0.10546875 0.0171875 0.0296875
2 0.8734375 0.12109375 0.0140625 0.0234375
1 0.85078125 0.171875 0.0140625 0.0265625
1 0.85390625 0.20078125 0.01875 0.0265625
1 0.796875 0.2640625 0.0234375 0.034375
1 0.834375 0.334375 0.0203125 0.0296875
1 0.7015625 0.44140625 0.025 0.0375
1 0.7390625 0.42109375 0.025 0.034375
1 0.71953125 0.48125 0.028125 0.034375
1 0.72265625 0.55703125 0.0265625 0.0421875
1 0.69296875 0.57109375 0.03125 0.0453125
1 0.7203125 0.93671875 0.0390625 0.05625
1 0.86015625 0.99296875 0.0453125 0.0109375
1 0.88046875 0.83984375 0.0359375 0.0453125
1 0.91484375 0.821875 0.03125 0.0515625
1 0.9328125 0.64296875 0.03125 0.0453125
1 0.9390625 0.57265625 0.03125 0.0421875
1 0.99296875 0.53359375 0.0109375 0.040625
1 0.8984375 0.5109375 0.021875 0.0203125
1 0.91796875 0.471875 0.025 0.0375
1 0.890625 0.4078125 0.025 0.0375
1 0.9390625 0.3578125 0.0234375 0.0375
1 0.88515625 0.3546875 0.025 0.034375
1 0.86953125 0.31328125 0.0203125 0.0328125
1 0.9265625 0.31015625 0.0140625 0.0234375
1 0.87734375 0.2546875 0.0234375 0.03125
1 0.89765625 0.20078125 0.0171875 0.0265625
1 0.98671875 0.2234375 0.0140625 0.0265625
1 0.93125 0.1078125 0.0171875 0.0234375
1 0.90703125 0.075 0.0140625 0.0265625
1 0.9671875 0.09140625 0.015625 0.01875
2 0.99453125 0.0703125 0.0078125 0.025