1 0.065625 0.778125 0.0921875 0.14375
0 0.12421875 0.70078125 0.075 0.1265625
2 0.10234375 0.40546875 0.065625 0.1
1 0.26640625 0.45625 0.06875 0.1171875
1 0.3109375 0.18125 0.0734375 0.1015625
1 0.1203125 0.253125 0.0625 0.1125
1 0.06640625 0.19921875 0.046875 0.0921875
1 0.490625 0.90546875 0.09375 0.1390625
1 0.4640625 0.80390625 0.08125 0.1078125
1 0.51328125 0.4125 0.078125 0.115625
1 0.53046875 0.21953125 0.078125 0.103125
1 0.56171875 0.06796875 0.0703125 0.084375
1 0.70625 0.25078125 0.0734375 0.11875
1 0.640625 0.50859375 0.071875 0.109375
1 0.79296875 0.26484375 0.0796875 0.1234375
1 0.87890625 0.1984375 0.071875 0.096875
1 0.91953125 0.3875 0.084375 0.1109375
1 0.8953125 0.7515625 0.08125 0.1109375