1 0.91328125 0.69765625 0.1703125 0.3390625
1 0.75078125 0.5828125 0.125 0.2015625
2 0.68359375 0.35234375 0.0765625 0.1140625
1 0.590625 0.5 0.1015625 0.1546875
2 0.50703125 0.35 0.05 0.1234375
1 0.44453125 0.4265625 0.1328125 0.2234375
1 0.34921875 0.4359375 0.10625 0.190625
2 0.284375 0.15859375 0.0546875 0.0890625
1 0.103125 0.25703125 0.05625 0.0796875
1 0.046875 0.23203125 0.0671875 0.1078125
1 0.23984375 0.3421875 0.0578125 0.0890625
1 0.2109375 0.45078125 0.0890625 0.1484375
1 0.03984375 0.4921875 0.0796875 0.146875
1 0.3 0.9203125 0.15625 0.15625
1 0.509375 0.0953125 0.0390625 0.0609375
2 0.3609375 0.146875 0.0375 0.0734375
2 0.1703125 0.0828125 0.0390625 0.0515625