1 0.91484375 0.46875 0.0453125 0.128125
1 0.7171875 0.4375 0.040625 0.103125
1 0.6671875 0.49765625 0.059375 0.096875
1 0.60390625 0.36640625 0.0421875 0.09375
2 0.5546875 0.38671875 0.0546875 0.10625
1 0.49375 0.5 0.078125 0.15625
2 0.5 0.3 0.0453125 0.084375
2 0.4203125 0.28203125 0.05 0.103125
2 0.2984375 0.33984375 0.046875 0.09375
1 0.32890625 0.4578125 0.046875 0.096875
1 0.2578125 0.4375 0.05 0.1203125
1 0.11015625 0.35546875 0.0453125 0.0890625
0 0.2109375 0.48203125 0.0671875 0.1203125
2 0.04375 0.3890625 0.0625 0.103125
2 0.8171875 0.3578125 0.0296875 0.0578125
2 0.18515625 0.3375 0.0296875 0.0625
1 0.07109375 0.3203125 0.028125 0.053125