1 0.903125 0.9375 0.0796875 0.121875
1 0.83203125 0.83046875 0.0796875 0.11875
0 0.80078125 0.75703125 0.065625 0.1
2 0.90546875 0.5328125 0.0515625 0.075
1 0.93359375 0.41015625 0.0515625 0.09375
1 0.98515625 0.38671875 0.0265625 0.0796875
2 0.9734375 0.10859375 0.05 0.0890625
1 0.7609375 0.10625 0.0625 0.0875
1 0.771875 0.303125 0.0640625 0.0765625
1 0.7359375 0.5265625 0.0578125 0.0953125
1 0.5671875 0.9359375 0.084375 0.115625
1 0.45 0.73828125 0.0734375 0.0890625
1 0.39140625 0.8109375 0.0859375 0.1109375
1 0.5140625 0.428125 0.0703125 0.1015625
1 0.55 0.28046875 0.0734375 0.09375
1 0.56015625 0.1515625 0.0671875 0.08125
1 0.3640625 0.4703125 0.0578125 0.0875
1 0.375 0.25 0.0640625 0.096875
1 0.29140625 0.23515625 0.0703125 0.1015625
1 0.0546875 0.5796875 0.0796875 0.0828125
1 0.1359375 0.290625 0.0703125 0.0890625
1 0.22421875 0.15859375 0.0546875 0.0796875
1 0.24296875 0.04765625 0.053125 0.0671875