1 0.984375 0.36796875 0.028125 0.0890625
1 0.91640625 0.33203125 0.059375 0.0953125
1 0.7234375 0.65078125 0.04375 0.0671875
1 0.703125 0.4640625 0.0484375 0.084375
1 0.6703125 0.3828125 0.04375 0.0671875
1 0.59609375 0.41953125 0.0515625 0.071875
1 0.54921875 0.4109375 0.040625 0.0578125
1 0.44921875 0.3671875 0.0421875 0.0703125
1 0.38125 0.37109375 0.04375 0.0703125
1 0.30546875 0.3 0.04375 0.0671875
2 0.8015625 0.3765625 0.0484375 0.0796875
2 0.70859375 0.37734375 0.034375 0.053125
2 0.48671875 0.38359375 0.0390625 0.075
2 0.625 0.3828125 0.04375 0.0703125