2 0.05859375 0.496875 0.096875 0.1421875
2 0.07265625 0.134375 0.0703125 0.1
1 0.13125 0.10078125 0.0578125 0.0953125
1 0.29296875 0.05 0.0609375 0.0875
2 0.2140625 0.1234375 0.0734375 0.1109375
2 0.2546875 0.28984375 0.0484375 0.0765625
2 0.2140625 0.4859375 0.0890625 0.1296875
2 0.1609375 0.65 0.1109375 0.1125
1 0.2234375 0.884375 0.1375 0.225
2 0.36328125 0.66171875 0.1453125 0.165625
2 0.31953125 0.3828125 0.096875 0.1265625
2 0.33125 0.140625 0.075 0.078125
2 0.425 0.15234375 0.0671875 0.0921875
1 0.48515625 0.1125 0.0765625 0.1
1 0.48203125 0.34921875 0.09375 0.1296875
2 0.56015625 0.2578125 0.065625 0.103125
2 0.61484375 0.10625 0.08125 0.11875
2 0.71953125 0.09921875 0.0703125 0.08125
2 0.73515625 0.25703125 0.065625 0.0921875
1 0.67734375 0.41875 0.1046875 0.1578125
2 0.6390625 0.65859375 0.096875 0.13125
1 0.7625 0.784375 0.1046875 0.1453125
1 0.82734375 0.484375 0.0953125 0.140625
2 0.85234375 0.13203125 0.0640625 0.0953125
2 0.95859375 0.071875 0.05 0.08125
1 0.91640625 0.3 0.0765625 0.1