1 0.05859375 0.12109375 0.071875 0.134375
1 0.17734375 0.14375 0.0859375 0.1390625
1 0.190625 0.4078125 0.090625 0.1515625
1 0.09921875 0.74609375 0.0796875 0.1390625
1 0.315625 0.45703125 0.0875 0.165625
1 0.290625 0.80703125 0.0796875 0.121875
1 0.5140625 0.61328125 0.090625 0.1796875
1 0.52265625 0.90078125 0.0828125 0.165625
1 0.596875 0.56796875 0.0796875 0.1484375
1 0.72890625 0.7796875 0.0796875 0.165625
1 0.8484375 0.32421875 0.0828125 0.15625
1 0.97109375 0.18828125 0.0546875 0.1234375
1 0.965625 0.4296875 0.065625 0.153125
1 0.83359375 0.62734375 0.0796875 0.1609375
1 0.93984375 0.71640625 0.0953125 0.165625
1 0.80703125 0.92421875 0.0921875 0.1484375