1 0.17890625 0.3046875 0.0546875 0.078125
1 0.39375 0.2703125 0.0703125 0.1046875
1 0.5625 0.26015625 0.0609375 0.0890625
2 0.74140625 0.25390625 0.0578125 0.075
2 0.940625 0.27109375 0.0546875 0.071875
2 0.94921875 0.06796875 0.034375 0.0453125
2 0.6171875 0.03359375 0.01875 0.040625
2 0.55546875 0.0484375 0.0140625 0.0296875
2 0.803125 0.1109375 0.0140625 0.0265625
2 0.72890625 0.11171875 0.015625 0.021875
2 0.69140625 0.10625 0.015625 0.021875
1 0.421875 0.10078125 0.01875 0.0296875
2 0.35390625 0.12109375 0.015625 0.021875
2 0.1984375 0.10703125 0.015625 0.0265625
2 0.1375 0.1125 0.01875 0.0328125
2 0.053125 0.10859375 0.015625 0.0328125
2 0.00546875 0.10625 0.0109375 0.028125