1 0.9671875 0.41953125 0.0625 0.1015625
1 0.79140625 0.30625 0.071875 0.0875
1 0.784375 0.1046875 0.0765625 0.0984375
2 0.9390625 0.53984375 0.0625 0.09375
1 0.9140625 0.9390625 0.0625 0.11875
1 0.85546875 0.8421875 0.0875 0.1265625
0 0.8203125 0.76484375 0.071875 0.1171875
1 0.7515625 0.5265625 0.06875 0.1
1 0.565625 0.140625 0.0734375 0.0859375
1 0.553125 0.271875 0.08125 0.1015625
1 0.5109375 0.42109375 0.0765625 0.1015625
1 0.5671875 0.9375 0.0859375 0.1203125
1 0.440625 0.740625 0.0859375 0.103125
1 0.37578125 0.80625 0.090625 0.1203125
1 0.34453125 0.45859375 0.0671875 0.09375
1 0.35859375 0.2359375 0.0765625 0.0984375
1 0.26640625 0.2171875 0.075 0.1078125
1 0.21640625 0.03515625 0.0578125 0.0703125
1 0.09453125 0.271875 0.0796875 0.09375
1 0.028125 0.5625 0.05625 0.096875