2 0.15859375 0.24375 0.084375 0.1421875
2 0.2015625 0.375 0.078125 0.1125
2 0.1796875 0.5484375 0.0875 0.146875
2 0.28671875 0.234375 0.0796875 0.140625
2 0.3296875 0.52109375 0.1 0.171875
1 0.43359375 0.56953125 0.11875 0.20625
2 0.56953125 0.31328125 0.075 0.140625
2 0.57890625 0.67890625 0.10625 0.16875
2 0.61953125 0.5140625 0.084375 0.1421875
1 0.85625 0.6984375 0.1078125 0.196875
2 0.96953125 0.428125 0.0578125 0.128125
2 0.74453125 0.18671875 0.0703125 0.1125
2 0.92109375 0.265625 0.0546875 0.0875
2 0.51796875 0.2765625 0.06875 0.103125