1 0.00703125 0.36875 0.0140625 0.028125
1 0.1109375 0.3890625 0.021875 0.03125
1 0.03203125 0.4671875 0.0390625 0.0671875
1 0.096875 0.55390625 0.03125 0.0671875
1 0.2046875 0.45 0.05625 0.1
1 0.22421875 0.378125 0.025 0.053125
1 0.25234375 0.3484375 0.021875 0.040625
1 0.31875 0.36171875 0.0140625 0.0265625
1 0.29453125 0.3984375 0.01875 0.0359375
1 0.31953125 0.47734375 0.0375 0.071875
1 0.35 0.44140625 0.021875 0.053125
1 0.396875 0.453125 0.0609375 0.1
1 0.45703125 0.628125 0.06875 0.1359375
0 0.43984375 0.38203125 0.0125 0.021875
1 0.59453125 0.465625 0.0265625 0.0671875
1 0.6390625 0.4 0.021875 0.0453125
1 0.6875 0.49140625 0.0375 0.071875
1 0.85234375 0.634375 0.1703125 0.3125
1 0.94765625 0.72421875 0.0640625 0.13125