1 0.86953125 0.1984375 0.05625 0.0921875
1 0.79765625 0.25859375 0.0625 0.08125
1 0.65234375 0.2015625 0.0375 0.0609375
1 0.6078125 0.271875 0.0640625 0.1046875
1 0.58125 0.215625 0.0390625 0.065625
1 0.5546875 0.2625 0.053125 0.0828125
1 0.5421875 0.465625 0.0640625 0.0890625
1 0.5234375 0.2453125 0.025 0.059375
1 0.48359375 0.2703125 0.0375 0.0640625
1 0.43515625 0.275 0.040625 0.0734375
1 0.403125 0.28671875 0.05625 0.0875
1 0.35625 0.325 0.0484375 0.071875
1 0.32421875 0.35703125 0.05 0.0828125
1 0.26640625 0.38984375 0.065625 0.0890625
1 0.23515625 0.25625 0.03125 0.05625
1 0.19453125 0.30546875 0.046875 0.075
2 0.1578125 0.31171875 0.0453125 0.065625
1 0.1234375 0.309375 0.028125 0.046875
1 0.08046875 0.30703125 0.05 0.071875
1 0.0296875 0.33515625 0.059375 0.0859375