0 0.12421875 0.40546875 0.1609375 0.2671875
1 0.4203125 0.61953125 0.1390625 0.2609375
1 0.5140625 0.75234375 0.0890625 0.196875
1 0.63671875 0.80078125 0.1453125 0.240625
1 0.79453125 0.74140625 0.10625 0.20625
1 0.665625 0.3765625 0.075 0.146875
1 0.73515625 0.340625 0.075 0.125
1 0.53125 0.2625 0.0546875 0.109375
1 0.58359375 0.20546875 0.0578125 0.1015625
1 0.48984375 0.33046875 0.0734375 0.103125
1 0.634375 0.0875 0.0453125 0.0703125
1 0.71953125 0.06796875 0.0421875 0.0609375
1 0.571875 0.06640625 0.0421875 0.0640625