2 0.89921875 0.09296875 0.040625 0.0671875
2 0.828125 0.21875 0.0484375 0.06875
2 0.8359375 0.378125 0.053125 0.0796875
1 0.8640625 0.5546875 0.0515625 0.071875
2 0.53515625 0.15078125 0.04375 0.0671875
1 0.57578125 0.3046875 0.0515625 0.06875
1 0.5328125 0.4015625 0.0484375 0.06875
1 0.5546875 0.57578125 0.053125 0.0796875
1 0.26796875 0.0578125 0.046875 0.0640625
1 0.1859375 0.1578125 0.0515625 0.0640625
2 0.19765625 0.2828125 0.04375 0.053125
2 0.29921875 0.42109375 0.046875 0.071875
1 0.20546875 0.61796875 0.05 0.0421875