2 0.96875 0.69453125 0.0234375 0.0609375
1 0.915625 0.70703125 0.0453125 0.0734375
1 0.83671875 0.6796875 0.0203125 0.046875
1 0.753125 0.73984375 0.0421875 0.0625
2 0.678125 0.55625 0.0265625 0.046875
1 0.6515625 0.57421875 0.0375 0.05
0 0.609375 0.58984375 0.03125 0.0390625
2 0.63984375 0.65625 0.0359375 0.0546875
1 0.6890625 0.6890625 0.040625 0.05
1 0.5953125 0.66953125 0.040625 0.0625
1 0.5515625 0.62109375 0.0390625 0.065625
1 0.45703125 0.59375 0.03125 0.046875
1 0.5078125 0.6984375 0.04375 0.065625
1 0.4875 0.77265625 0.0453125 0.0765625
1 0.40625 0.58515625 0.040625 0.0625
2 0.4515625 0.9625 0.053125 0.071875
1 0.4328125 0.4859375 0.0296875 0.0390625
1 0.48671875 0.4484375 0.025 0.0421875
1 0.384375 0.4953125 0.0265625 0.0421875
1 0.26796875 0.4234375 0.0265625 0.0390625
1 0.21015625 0.43828125 0.01875 0.03125
1 0.09609375 0.52109375 0.0265625 0.034375