1 0.10859375 0.4890625 0.078125 0.190625
1 0.27265625 0.31640625 0.090625 0.1375
1 0.0859375 0.2234375 0.046875 0.084375
1 0.3265625 0.090625 0.0421875 0.084375
1 0.4609375 0.32734375 0.053125 0.096875
1 0.5234375 0.2609375 0.0375 0.0875
1 0.62265625 0.27421875 0.034375 0.096875
1 0.57265625 0.45546875 0.059375 0.115625
1 0.6046875 0.6703125 0.059375 0.128125
1 0.7640625 0.43125 0.0671875 0.1015625
1 0.5984375 0.053125 0.028125 0.071875
1 0.8234375 0.128125 0.0375 0.04375
1 0.9578125 0.20546875 0.0703125 0.1375
1 0.4671875 0.10625 0.0203125 0.0625