1 0.61796875 0.4703125 0.0640625 0.1234375
1 0.63125 0.2640625 0.08125 0.075
1 0.34609375 0.665625 0.06875 0.1578125
1 0.42109375 0.525 0.046875 0.1359375
1 0.3171875 0.25 0.028125 0.05
0 0.74921875 0.25234375 0.0359375 0.0546875
2 0.93046875 0.2578125 0.021875 0.0375
2 0.50703125 0.215625 0.028125 0.059375
2 0.2640625 0.18515625 0.0234375 0.059375
2 0.42890625 0.39140625 0.040625 0.0640625
1 0.1171875 0.31953125 0.0296875 0.040625
2 0.07421875 0.34609375 0.040625 0.0734375
2 0.06171875 0.46875 0.0328125 0.103125
2 0.04296875 0.3359375 0.0328125 0.0546875