1 0.3 0.08515625 0.0296875 0.065625
1 0.2671875 0.125 0.0453125 0.071875
1 0.15234375 0.6015625 0.0921875 0.146875
1 0.33515625 0.50625 0.0734375 0.13125
1 0.434375 0.30390625 0.0640625 0.1171875
1 0.44140625 0.025 0.0234375 0.0375
1 0.4953125 0.04765625 0.0203125 0.046875
1 0.59140625 0.08515625 0.034375 0.053125
1 0.56328125 0.25390625 0.0609375 0.1125
1 0.575 0.4296875 0.0734375 0.1265625
1 0.6734375 0.25859375 0.0671875 0.1125
2 0.7796875 0.146875 0.034375 0.0609375
1 0.8390625 0.184375 0.0421875 0.0796875
1 0.82421875 0.071875 0.03125 0.05625
1 0.8890625 0.0703125 0.040625 0.0609375
1 0.93515625 0.1 0.0359375 0.0484375