2 0.85703125 0.19609375 0.08125 0.1171875
1 0.71796875 0.17109375 0.053125 0.075
1 0.68125 0.17890625 0.040625 0.0546875
1 0.609375 0.16875 0.04375 0.0671875
1 0.77109375 0.36484375 0.0828125 0.1140625
1 0.690625 0.49765625 0.121875 0.175
1 0.5625 0.1921875 0.03125 0.05
1 0.54453125 0.23046875 0.040625 0.0578125
1 0.48671875 0.29609375 0.0640625 0.1109375
1 0.41015625 0.22578125 0.04375 0.078125
1 0.3203125 0.459375 0.1078125 0.1484375
1 0.1828125 0.890625 0.2 0.215625
1 0.2 0.32578125 0.0703125 0.096875