1 0.946875 0.89296875 0.06875 0.115625
1 0.86484375 0.79453125 0.06875 0.1125
0 0.82578125 0.72421875 0.05625 0.0953125
2 0.90703125 0.48984375 0.0453125 0.0703125
1 0.921875 0.365625 0.0421875 0.090625
1 0.98046875 0.33515625 0.0359375 0.0765625
2 0.9359375 0.059375 0.053125 0.0828125
1 0.71875 0.08046875 0.0546875 0.0828125
1 0.75 0.27578125 0.0578125 0.071875
1 0.7375 0.50234375 0.0484375 0.090625
1 0.6125 0.9265625 0.0734375 0.109375
1 0.475 0.7421875 0.065625 0.0828125
1 0.425 0.8203125 0.0765625 0.1046875
1 0.50625 0.4265625 0.0609375 0.0953125
1 0.5265625 0.2765625 0.065625 0.0875
1 0.5234375 0.14765625 0.0609375 0.075
1 0.36171875 0.48515625 0.05 0.0828125
1 0.34921875 0.2640625 0.0546875 0.0921875
1 0.26484375 0.25859375 0.0609375 0.0953125
1 0.065625 0.62578125 0.0734375 0.0765625
1 0.115625 0.3296875 0.0625 0.0828125
1 0.190625 0.1890625 0.0484375 0.075
1 0.19765625 0.0765625 0.046875 0.0625