2 0.85625 0.40078125 0.075 0.1125
2 0.8359375 0.26171875 0.065625 0.090625
1 0.76015625 0.25 0.0578125 0.0765625
2 0.70859375 0.31796875 0.05625 0.084375
1 0.66953125 0.24453125 0.053125 0.0890625
2 0.7328125 0.16796875 0.0625 0.103125
1 0.88359375 0.58203125 0.065625 0.15
2 0.825 0.64609375 0.090625 0.153125
2 0.76640625 0.76328125 0.090625 0.1609375
1 0.66875 0.8515625 0.1171875 0.1953125
1 0.63046875 0.49765625 0.078125 0.134375
1 0.6140625 0.3328125 0.071875 0.09375
2 0.59921875 0.1625 0.04375 0.0703125
1 0.50625 0.18359375 0.0515625 0.1015625
1 0.53046875 0.23671875 0.0390625 0.0875
1 0.45859375 0.1859375 0.05 0.0890625
2 0.39140625 0.1421875 0.0484375 0.0828125
2 0.35078125 0.21953125 0.0734375 0.1171875
1 0.53203125 0.44296875 0.065625 0.1109375
1 0.5578125 0.61640625 0.075 0.1078125
1 0.43984375 0.5125 0.075 0.134375
2 0.54921875 0.7921875 0.053125 0.109375
2 0.603125 0.825 0.0578125 0.1578125
1 0.42734375 0.9109375 0.10625 0.171875
1 0.36484375 0.57265625 0.0828125 0.13125
1 0.32890625 0.80234375 0.0671875 0.1546875
1 0.31328125 0.4234375 0.059375 0.0984375
1 0.24765625 0.55078125 0.06875 0.115625
2 0.28359375 0.13984375 0.059375 0.09375
2 0.2984375 0.25859375 0.0453125 0.065625
2 0.23984375 0.17421875 0.053125 0.0796875
1 0.14453125 0.15 0.04375 0.0828125
2 0.215625 0.28125 0.053125 0.084375
1 0.16484375 0.53984375 0.078125 0.0859375
2 0.1375 0.778125 0.0921875 0.13125