1 0.9 0.4375 0.025 0.034375
1 0.96875 0.52421875 0.046875 0.071875
1 0.89375 0.60234375 0.0390625 0.0703125
1 0.79921875 0.48671875 0.0671875 0.1046875
1 0.78828125 0.4125 0.03125 0.05625
1 0.7640625 0.3796875 0.0265625 0.0421875
1 0.696875 0.38515625 0.0171875 0.028125
1 0.71640625 0.42421875 0.021875 0.0375
1 0.68203125 0.49921875 0.0453125 0.075
1 0.65625 0.46015625 0.028125 0.05625
1 0.60859375 0.465625 0.071875 0.10625
1 0.52734375 0.6328125 0.084375 0.1421875
0 0.57421875 0.38984375 0.015625 0.0234375
1 0.4109375 0.45390625 0.034375 0.06875
1 0.37421875 0.38359375 0.0265625 0.046875
1 0.31484375 0.46796875 0.0453125 0.075
1 0.13359375 0.590625 0.20625 0.328125
1 0.034375 0.66796875 0.06875 0.1390625