1 0.03359375 0.30390625 0.0515625 0.071875
1 0.16875 0.271875 0.04375 0.0640625
1 0.2484375 0.271875 0.0390625 0.0671875
1 0.38984375 0.246875 0.04375 0.0671875
1 0.43359375 0.23359375 0.0328125 0.05625
1 0.46875 0.22734375 0.034375 0.0625
1 0.49765625 0.16796875 0.0359375 0.040625
1 0.4953125 0.2796875 0.0421875 0.0640625
1 0.565625 0.34609375 0.0640625 0.0921875
2 0.6515625 0.196875 0.05 0.075
1 0.6828125 0.35859375 0.0671875 0.1109375
1 0.7859375 0.1625 0.0421875 0.0640625
1 0.78984375 0.32421875 0.05625 0.071875
1 0.9125 0.4234375 0.0890625 0.14375
2 0.85859375 0.39609375 0.040625 0.078125