1 0.82734375 0.31640625 0.0578125 0.0796875
1 0.61484375 0.27421875 0.0734375 0.10625
1 0.4453125 0.2578125 0.0640625 0.090625
2 0.2671875 0.2453125 0.059375 0.0765625
2 0.0671875 0.25625 0.0578125 0.0734375
2 0.06640625 0.05234375 0.0359375 0.0453125
2 0.39921875 0.03046875 0.0203125 0.040625
2 0.46015625 0.046875 0.0140625 0.0296875
2 0.2109375 0.10078125 0.0140625 0.0265625
2 0.28515625 0.1046875 0.015625 0.0234375
2 0.32265625 0.1 0.015625 0.0234375
1 0.5921875 0.10390625 0.01875 0.0296875
2 0.659375 0.1265625 0.015625 0.0234375
2 0.81484375 0.11796875 0.0171875 0.0265625
2 0.87578125 0.125 0.01875 0.034375
2 0.96015625 0.12421875 0.0171875 0.034375