1 0.0734375 0.246875 0.046875 0.06875
1 0.17265625 0.125 0.034375 0.05
1 0.24609375 0.28984375 0.04375 0.0609375
1 0.3546875 0.090625 0.034375 0.046875
1 0.4 0.14765625 0.0421875 0.0640625
1 0.5109375 0.353125 0.0546875 0.0875
1 0.4390625 0.08203125 0.0390625 0.0578125
1 0.503125 0.08984375 0.0375 0.053125
1 0.60859375 0.26015625 0.0484375 0.071875
1 0.59453125 0.203125 0.0375 0.053125
2 0.40546875 0.078125 0.0265625 0.03125
2 0.57734375 0.09609375 0.0234375 0.0421875
1 0.58125 0.0359375 0.0265625 0.034375
1 0.65078125 0.12734375 0.034375 0.0421875
2 0.6109375 0.01953125 0.028125 0.0390625
0 0.68046875 0.06875 0.0265625 0.046875
1 0.73203125 0.04609375 0.03125 0.05
1 0.75078125 0.0484375 0.0140625 0.034375
2 0.709375 0.04296875 0.021875 0.034375
2 0.8640625 0.04296875 0.03125 0.0390625
1 0.93828125 0.08203125 0.03125 0.046875