1 0.0578125 0.64453125 0.0859375 0.115625
1 0.07734375 0.4796875 0.0421875 0.0609375
1 0.10625 0.440625 0.0265625 0.0421875
1 0.1890625 0.465625 0.040625 0.046875
1 0.21796875 0.3953125 0.0296875 0.0453125
1 0.1546875 0.38984375 0.0234375 0.03125
1 0.290625 0.55546875 0.1234375 0.178125
1 0.3890625 0.40078125 0.0265625 0.0328125
1 0.27109375 0.38046875 0.0234375 0.028125
1 0.4359375 0.4609375 0.04375 0.0578125
1 0.534375 0.43828125 0.0671875 0.09375
1 0.4765625 0.39375 0.01875 0.03125
1 0.43203125 0.39140625 0.0203125 0.021875
1 0.5640625 0.34375 0.0296875 0.0359375
1 0.68515625 0.36953125 0.028125 0.0296875
1 0.7375 0.41328125 0.0265625 0.0359375
1 0.81484375 0.4078125 0.0546875 0.071875
1 0.875 0.353125 0.025 0.0359375
1 0.9796875 0.40546875 0.028125 0.065625
1 0.64296875 0.34921875 0.0125 0.0171875
1 0.6796875 0.31953125 0.0171875 0.021875
1 0.71015625 0.33515625 0.0140625 0.0171875
1 0.7609375 0.3671875 0.025 0.0359375
1 0.94296875 0.334375 0.025 0.0359375
1 0.96328125 0.3125 0.0125 0.021875