1 0.053125 0.62890625 0.08125 0.1125
1 0.078125 0.46484375 0.040625 0.059375
1 0.10859375 0.4265625 0.0265625 0.0421875
1 0.18984375 0.4546875 0.0390625 0.0453125
1 0.221875 0.38515625 0.028125 0.0453125
1 0.15859375 0.378125 0.0234375 0.03125
1 0.28828125 0.5484375 0.11875 0.175
1 0.3921875 0.39765625 0.025 0.03125
1 0.27578125 0.371875 0.021875 0.028125
1 0.4375 0.45859375 0.0421875 0.05625
1 0.5359375 0.43984375 0.065625 0.0921875
1 0.48046875 0.39296875 0.0171875 0.03125
1 0.4359375 0.3890625 0.01875 0.021875
1 0.56953125 0.34609375 0.028125 0.0359375
1 0.68984375 0.37578125 0.0265625 0.028125
1 0.73984375 0.421875 0.025 0.0359375
1 0.8171875 0.41875 0.053125 0.0703125
1 0.8796875 0.36640625 0.0234375 0.0359375
1 0.9828125 0.42265625 0.025 0.0640625
1 0.64765625 0.3546875 0.0109375 0.0171875
1 0.6859375 0.32578125 0.0171875 0.021875
1 0.715625 0.3421875 0.0140625 0.0171875
1 0.765625 0.3765625 0.0234375 0.0359375
1 0.9484375 0.35 0.0234375 0.0359375
1 0.96953125 0.32890625 0.0125 0.021875