1 0.03515625 0.2921875 0.034375 0.084375
1 0.11484375 0.26875 0.0484375 0.090625
1 0.25546875 0.6140625 0.0359375 0.0625
1 0.3046875 0.4328125 0.0390625 0.0796875
1 0.35 0.3578125 0.0359375 0.0625
1 0.41796875 0.40546875 0.04375 0.0671875
1 0.465625 0.40390625 0.034375 0.053125
1 0.57109375 0.37734375 0.034375 0.0671875
1 0.63671875 0.39140625 0.0359375 0.0671875
1 0.7234375 0.3328125 0.0359375 0.0625
2 0.221875 0.33125 0.0390625 0.0765625
2 0.31328125 0.34609375 0.028125 0.05
2 0.53203125 0.3875 0.03125 0.071875
2 0.39453125 0.36484375 0.0359375 0.0671875