1 0.0453125 0.515625 0.0234375 0.046875
1 0.13671875 0.571875 0.040625 0.0703125
1 0.18359375 0.546875 0.065625 0.1234375
1 0.2296875 0.51875 0.0375 0.0703125
1 0.3328125 0.68671875 0.0671875 0.1109375
1 0.04140625 0.44921875 0.0140625 0.0234375
1 0.0875 0.44375 0.0171875 0.028125
1 0.11171875 0.45078125 0.025 0.0375
1 0.134375 0.446875 0.01875 0.0328125
1 0.290625 0.4453125 0.028125 0.053125
1 0.315625 0.46171875 0.01875 0.0328125
1 0.334375 0.52109375 0.0296875 0.04375
1 0.3515625 0.41796875 0.0171875 0.0328125
1 0.43984375 0.4765625 0.0296875 0.04375
1 0.43046875 0.6484375 0.0328125 0.053125
1 0.49296875 0.4640625 0.025 0.0609375
1 0.5359375 0.4953125 0.0375 0.0671875
1 0.53203125 0.61796875 0.0515625 0.1359375
1 0.45546875 0.3765625 0.0203125 0.0375
1 0.4125 0.38359375 0.025 0.0375
1 0.64140625 0.4921875 0.046875 0.0671875
1 0.571875 0.42734375 0.025 0.0375
1 0.66796875 0.3546875 0.0171875 0.0328125
1 0.65234375 0.31640625 0.0171875 0.028125
1 0.78984375 0.671875 0.146875 0.2578125
1 0.953125 0.3828125 0.046875 0.0953125
1 0.86796875 0.4234375 0.028125 0.053125
1 0.08125 0.62421875 0.0203125 0.0375
1 0.05703125 0.440625 0.0171875 0.028125